<?xml version="1.0" encoding="UTF-8" standalone="no"?>
<!-- Created with Inkscape (http://www.inkscape.org/) -->

<svg
   version="1.1"
   id="svg1"
   width="460"
   height="204"
   viewBox="0 0 460 204"
   sodipodi:docname="percpetron"
   inkscape:version="1.4.2 (ebf0e940, 2025-05-08)"
   xmlns:inkscape="http://www.inkscape.org/namespaces/inkscape"
   xmlns:sodipodi="http://sodipodi.sourceforge.net/DTD/sodipodi-0.dtd"
   xmlns="http://www.w3.org/2000/svg"
   xmlns:svg="http://www.w3.org/2000/svg"
   xmlns:ns16="http://www.iki.fi/pav/software/textext/">
  <sodipodi:namedview
     id="namedview1"
     pagecolor="#ffffff"
     bordercolor="#000000"
     borderopacity="0.25"
     inkscape:showpageshadow="2"
     inkscape:pageopacity="0.0"
     inkscape:pagecheckerboard="0"
     inkscape:deskcolor="#d1d1d1"
     inkscape:zoom="2.1206873"
     inkscape:cx="254.8702"
     inkscape:cy="155.13839"
     inkscape:window-width="1920"
     inkscape:window-height="999"
     inkscape:window-x="0"
     inkscape:window-y="25"
     inkscape:window-maximized="0"
     inkscape:current-layer="g65" />
  <defs
     id="defs1">
    <marker
       style="overflow:visible"
       id="ArrowWide"
       refX="0"
       refY="0"
       orient="auto-start-reverse"
       inkscape:stockid="Wide arrow"
       markerWidth="1"
       markerHeight="1"
       viewBox="0 0 1 1"
       inkscape:isstock="true"
       inkscape:collect="always"
       preserveAspectRatio="xMidYMid">
      <path
         style="fill:none;stroke:context-stroke;stroke-width:1;stroke-linecap:butt"
         d="M 3,-3 0,0 3,3"
         transform="rotate(180,0.125,0)"
         sodipodi:nodetypes="ccc"
         id="path3" />
    </marker>
  </defs>
  <g
     inkscape:groupmode="layer"
     inkscape:label="Image"
     id="g1" />
  <g
     id="g65">
    <g
       id="g66"
       transform="translate(-106.09768,-53.756158)">
      <g
         id="g1776"
         transform="matrix(1.99999,0,0,1.99999,275.67831,144.10214)"
         ns16:version="1.12.0"
         ns16:texconverter="pdflatex"
         ns16:pdfconverter="inkscape"
         ns16:text="$f(b + \\sum_{i = 1}^N w_i x_i)$"
         ns16:preamble="/Users/mf572/Library/Application Support/org.inkscape.Inkscape/config/inkscape/extensions/textext/default_packages.tex"
         ns16:scale="1.5"
         ns16:alignment="middle center"
         ns16:jacobian_sqrt="1.99999">
        <defs
           id="defs4116">
          <g
             id="g3861">
            <g
               id="g7237">
              <path
                 d="m 3.65625,-3.984375 h 0.859375 c 0.203125,0 0.296875,0 0.296875,-0.203125 0,-0.109375 -0.09375,-0.109375 -0.265625,-0.109375 H 3.71875 L 3.921875,-5.4375 c 0.046875,-0.203125 0.1875,-0.90625 0.25,-1.03125 0.078125,-0.1875 0.25,-0.34375 0.46875,-0.34375 0.03125,0 0.296875,0 0.484375,0.1875 -0.4375,0.03125 -0.546875,0.390625 -0.546875,0.53125 0,0.234375 0.1875,0.359375 0.375,0.359375 C 5.21875,-5.734375 5.5,-5.96875 5.5,-6.34375 c 0,-0.453125 -0.453125,-0.6875 -0.859375,-0.6875 -0.34375,0 -0.96875,0.1875 -1.265625,1.171875 -0.0625,0.203125 -0.09375,0.3125 -0.328125,1.5625 h -0.6875 c -0.203125,0 -0.3125,0 -0.3125,0.1875 0,0.125 0.09375,0.125 0.28125,0.125 h 0.65625 L 2.25,-0.046875 c -0.1875,0.96875 -0.359375,1.875 -0.875,1.875 -0.046875,0 -0.28125,0 -0.484375,-0.1875 C 1.359375,1.609375 1.453125,1.25 1.453125,1.109375 1.453125,0.875 1.265625,0.75 1.078125,0.75 0.8125,0.75 0.53125,0.984375 0.53125,1.359375 c 0,0.4375 0.4375,0.6875 0.84375,0.6875 0.546875,0 0.953125,-0.59375 1.125,-0.96875 0.328125,-0.625 0.546875,-1.828125 0.5625,-1.90625 z m 0,0"
                 id="path3969" />
            </g>
            <g
               id="g5359">
              <path
                 d="m 2.375,-6.8125 c 0,0 0,-0.109375 -0.125,-0.109375 -0.21875,0 -0.953125,0.078125 -1.21875,0.109375 -0.078125,0 -0.1875,0.015625 -0.1875,0.1875 0,0.125 0.09375,0.125 0.25,0.125 0.46875,0 0.484375,0.0625 0.484375,0.171875 0,0.0625 -0.078125,0.40625 -0.125,0.609375 l -0.828125,3.25 c -0.109375,0.5 -0.15625,0.671875 -0.15625,1.015625 0,0.9375 0.53125,1.5625 1.265625,1.5625 1.171875,0 2.40625,-1.484375 2.40625,-2.921875 0,-0.90625 -0.53125,-1.59375 -1.328125,-1.59375 -0.453125,0 -0.875,0.296875 -1.171875,0.59375 z M 1.453125,-3.046875 C 1.5,-3.265625 1.5,-3.28125 1.59375,-3.390625 2.078125,-4.03125 2.53125,-4.1875 2.796875,-4.1875 c 0.359375,0 0.625,0.296875 0.625,0.9375 0,0.59375 -0.328125,1.734375 -0.515625,2.109375 -0.328125,0.671875 -0.78125,1.03125 -1.171875,1.03125 -0.34375,0 -0.671875,-0.265625 -0.671875,-1 0,-0.203125 0,-0.390625 0.15625,-1.015625 z m 0,0"
                 id="path7433" />
            </g>
            <g
               id="g5986">
              <path
                 d="M 4.609375,-3.375 C 4.65625,-3.59375 4.75,-3.96875 4.75,-4.03125 c 0,-0.171875 -0.140625,-0.265625 -0.28125,-0.265625 -0.125,0 -0.296875,0.078125 -0.375,0.28125 -0.03125,0.0625 -0.5,1.96875 -0.5625,2.234375 C 3.453125,-1.484375 3.4375,-1.3125 3.4375,-1.125 c 0,0.109375 0,0.125 0.015625,0.171875 -0.234375,0.53125 -0.53125,0.84375 -0.921875,0.84375 -0.796875,0 -0.796875,-0.734375 -0.796875,-0.90625 0,-0.3125 0.046875,-0.703125 0.515625,-1.9375 0.109375,-0.296875 0.171875,-0.4375 0.171875,-0.640625 0,-0.4375 -0.328125,-0.8125 -0.8125,-0.8125 -0.953125,0 -1.3125,1.453125 -1.3125,1.53125 0,0.109375 0.09375,0.109375 0.109375,0.109375 0.109375,0 0.109375,-0.03125 0.15625,-0.1875 C 0.84375,-3.875 1.21875,-4.1875 1.578125,-4.1875 c 0.09375,0 0.25,0.015625 0.25,0.328125 0,0.25 -0.109375,0.53125 -0.1875,0.703125 -0.4375,1.171875 -0.546875,1.625 -0.546875,2.015625 0,0.90625 0.65625,1.25 1.40625,1.25 0.171875,0 0.640625,0 1.03125,-0.703125 0.265625,0.640625 0.953125,0.703125 1.25,0.703125 0.75,0 1.1875,-0.625 1.453125,-1.21875 0.328125,-0.78125 0.65625,-2.125 0.65625,-2.59375 0,-0.546875 -0.265625,-0.703125 -0.4375,-0.703125 -0.25,0 -0.5,0.265625 -0.5,0.484375 0,0.125 0.0625,0.1875 0.140625,0.265625 0.109375,0.109375 0.359375,0.359375 0.359375,0.84375 0,0.34375 -0.28125,1.3125 -0.546875,1.828125 -0.25,0.53125 -0.609375,0.875 -1.09375,0.875 -0.46875,0 -0.734375,-0.296875 -0.734375,-0.875 0,-0.265625 0.0625,-0.578125 0.109375,-0.71875 z m 0,0"
                 id="path498" />
            </g>
            <g
               id="g5377">
              <path
                 d="M 3.328125,-3.015625 C 3.390625,-3.265625 3.625,-4.1875 4.3125,-4.1875 c 0.046875,0 0.296875,0 0.5,0.125 C 4.53125,-4 4.34375,-3.765625 4.34375,-3.515625 c 0,0.15625 0.109375,0.34375 0.375,0.34375 0.21875,0 0.53125,-0.171875 0.53125,-0.578125 0,-0.515625 -0.578125,-0.65625 -0.921875,-0.65625 -0.578125,0 -0.921875,0.53125 -1.046875,0.75 -0.25,-0.65625 -0.78125,-0.75 -1.078125,-0.75 -1.03125,0 -1.609375,1.28125 -1.609375,1.53125 0,0.109375 0.109375,0.109375 0.125,0.109375 0.078125,0 0.109375,-0.03125 0.125,-0.109375 0.34375,-1.0625 1,-1.3125 1.34375,-1.3125 0.1875,0 0.53125,0.09375 0.53125,0.671875 0,0.3125 -0.171875,0.96875 -0.53125,2.375 -0.15625,0.609375 -0.515625,1.03125 -0.953125,1.03125 -0.0625,0 -0.28125,0 -0.5,-0.125 0.25,-0.0625 0.46875,-0.265625 0.46875,-0.546875 0,-0.265625 -0.21875,-0.34375 -0.359375,-0.34375 -0.3125,0 -0.546875,0.25 -0.546875,0.578125 0,0.453125 0.484375,0.65625 0.921875,0.65625 0.671875,0 1.03125,-0.703125 1.046875,-0.75 0.125,0.359375 0.484375,0.75 1.078125,0.75 1.03125,0 1.59375,-1.28125 1.59375,-1.53125 0,-0.109375 -0.078125,-0.109375 -0.109375,-0.109375 -0.09375,0 -0.109375,0.046875 -0.140625,0.109375 -0.328125,1.078125 -1,1.3125 -1.3125,1.3125 -0.390625,0 -0.546875,-0.3125 -0.546875,-0.65625 0,-0.21875 0.046875,-0.4375 0.15625,-0.875 z m 0,0"
                 id="path938" />
            </g>
            <g
               id="g2330">
              <path
                 d="m 3.296875,2.390625 c 0,-0.03125 0,-0.046875 -0.171875,-0.21875 C 1.890625,0.921875 1.5625,-0.96875 1.5625,-2.5 c 0,-1.734375 0.375,-3.46875 1.609375,-4.703125 0.125,-0.125 0.125,-0.140625 0.125,-0.171875 0,-0.078125 -0.03125,-0.109375 -0.09375,-0.109375 -0.109375,0 -1,0.6875 -1.59375,1.953125 -0.5,1.09375 -0.625,2.203125 -0.625,3.03125 0,0.78125 0.109375,1.984375 0.65625,3.125 C 2.25,1.84375 3.09375,2.5 3.203125,2.5 c 0.0625,0 0.09375,-0.03125 0.09375,-0.109375 z m 0,0"
                 id="path9116" />
            </g>
            <g
               id="g5203">
              <path
                 d="m 4.078125,-2.296875 h 2.78125 C 7,-2.296875 7.1875,-2.296875 7.1875,-2.5 7.1875,-2.6875 7,-2.6875 6.859375,-2.6875 h -2.78125 v -2.796875 c 0,-0.140625 0,-0.328125 -0.203125,-0.328125 -0.203125,0 -0.203125,0.1875 -0.203125,0.328125 V -2.6875 h -2.78125 c -0.140625,0 -0.328125,0 -0.328125,0.1875 0,0.203125 0.1875,0.203125 0.328125,0.203125 h 2.78125 V 0.5 c 0,0.140625 0,0.328125 0.203125,0.328125 0.203125,0 0.203125,-0.1875 0.203125,-0.328125 z m 0,0"
                 id="path3967" />
            </g>
            <g
               id="g3034">
              <path
                 d="m 2.875,-2.5 c 0,-0.765625 -0.109375,-1.96875 -0.65625,-3.109375 -0.59375,-1.21875 -1.453125,-1.875 -1.546875,-1.875 -0.0625,0 -0.109375,0.046875 -0.109375,0.109375 0,0.03125 0,0.046875 0.1875,0.234375 0.984375,0.984375 1.546875,2.5625 1.546875,4.640625 0,1.71875 -0.359375,3.46875 -1.59375,4.71875 C 0.5625,2.34375 0.5625,2.359375 0.5625,2.390625 0.5625,2.453125 0.609375,2.5 0.671875,2.5 0.765625,2.5 1.671875,1.8125 2.25,0.546875 2.765625,-0.546875 2.875,-1.65625 2.875,-2.5 Z m 0,0"
                 id="path8773" />
            </g>
            <g
               id="g301">
              <path
                 d="m 4.203125,5.328125 -3.546875,4.375 C 0.578125,9.796875 0.5625,9.8125 0.5625,9.859375 c 0,0.109375 0.09375,0.109375 0.28125,0.109375 h 8.25 L 9.953125,7.484375 h -0.25 C 9.453125,8.234375 8.796875,8.84375 7.9375,9.125 7.78125,9.1875 7.09375,9.421875 5.625,9.421875 H 1.390625 l 3.46875,-4.28125 C 4.921875,5.046875 4.9375,5.03125 4.9375,4.984375 4.9375,4.9375 4.9375,4.9375 4.875,4.84375 L 1.640625,0.40625 h 3.9375 c 1.140625,0 3.4375,0.0625 4.125,1.921875 h 0.25 L 9.09375,0 h -8.25 C 0.5625,0 0.5625,0.015625 0.5625,0.3125 Z m 0,0"
                 id="path4145" />
            </g>
            <g
               id="g7752">
              <path
                 d="M 5.8125,-4 C 5.875,-4.265625 6,-4.5 6.546875,-4.515625 c 0.03125,0 0.140625,0 0.140625,-0.140625 0,-0.046875 -0.03125,-0.109375 -0.109375,-0.109375 -0.21875,0 -0.484375,0.03125 -0.71875,0.03125 -0.171875,0 -0.5625,-0.03125 -0.734375,-0.03125 -0.03125,0 -0.140625,0 -0.140625,0.15625 0,0.09375 0.09375,0.09375 0.15625,0.09375 0.328125,0.015625 0.4375,0.125 0.4375,0.296875 0,0.046875 0,0.09375 -0.03125,0.15625 l -0.75,3.046875 -1.765625,-3.625 c -0.0625,-0.125 -0.078125,-0.125 -0.25,-0.125 H 1.828125 c -0.125,0 -0.21875,0 -0.21875,0.15625 0,0.09375 0.078125,0.09375 0.234375,0.09375 0.140625,0 0.296875,0.015625 0.4375,0.046875 L 1.359375,-0.75 c -0.0625,0.265625 -0.1875,0.484375 -0.734375,0.5 -0.046875,0 -0.140625,0 -0.140625,0.140625 C 0.484375,-0.03125 0.53125,0 0.578125,0 0.8125,0 1.078125,-0.03125 1.3125,-0.03125 1.484375,-0.03125 1.875,0 2.046875,0 2.125,0 2.1875,-0.03125 2.1875,-0.140625 2.1875,-0.25 2.109375,-0.25 2.03125,-0.25 c -0.4375,-0.015625 -0.4375,-0.203125 -0.4375,-0.296875 0,-0.03125 0,-0.0625 0.015625,-0.171875 l 0.90625,-3.5625 2.03125,4.15625 C 4.59375,0 4.625,0 4.703125,0 4.8125,0 4.8125,-0.015625 4.84375,-0.140625 Z m 0,0"
                 id="path6432" />
            </g>
            <g
               id="g3562">
              <path
                 d="m 2.265625,-4.359375 c 0,-0.109375 -0.09375,-0.265625 -0.28125,-0.265625 -0.1875,0 -0.390625,0.1875 -0.390625,0.390625 0,0.109375 0.078125,0.265625 0.28125,0.265625 0.1875,0 0.390625,-0.203125 0.390625,-0.390625 z M 0.84375,-0.8125 c -0.03125,0.09375 -0.0625,0.171875 -0.0625,0.296875 0,0.328125 0.265625,0.578125 0.65625,0.578125 0.6875,0 1,-0.953125 1,-1.0625 0,-0.09375 -0.09375,-0.09375 -0.109375,-0.09375 -0.09375,0 -0.109375,0.046875 -0.140625,0.125 -0.15625,0.5625 -0.453125,0.84375 -0.734375,0.84375 -0.140625,0 -0.171875,-0.09375 -0.171875,-0.25 0,-0.15625 0.046875,-0.28125 0.109375,-0.4375 C 1.46875,-1 1.546875,-1.1875 1.609375,-1.375 1.671875,-1.546875 1.9375,-2.171875 1.953125,-2.265625 1.984375,-2.328125 2,-2.40625 2,-2.484375 2,-2.8125 1.71875,-3.078125 1.34375,-3.078125 0.640625,-3.078125 0.328125,-2.125 0.328125,-2 c 0,0.078125 0.09375,0.078125 0.125,0.078125 0.09375,0 0.09375,-0.03125 0.125,-0.109375 C 0.75,-2.625 1.0625,-2.875 1.3125,-2.875 c 0.109375,0 0.171875,0.046875 0.171875,0.234375 0,0.171875 -0.03125,0.265625 -0.203125,0.703125 z m 0,0"
                 id="path354" />
            </g>
            <g
               id="g5616">
              <path
                 d="m 5.359375,-2.34375 c 0.09375,0 0.25,0 0.25,-0.171875 0,-0.171875 -0.15625,-0.171875 -0.25,-0.171875 H 0.75 c -0.09375,0 -0.265625,0 -0.265625,0.171875 0,0.171875 0.15625,0.171875 0.265625,0.171875 z m 0,1.53125 c 0.09375,0 0.25,0 0.25,-0.15625 0,-0.1875 -0.15625,-0.1875 -0.25,-0.1875 H 0.75 c -0.109375,0 -0.265625,0 -0.265625,0.1875 0,0.15625 0.171875,0.15625 0.265625,0.15625 z m 0,0"
                 id="path4962" />
            </g>
            <g
               id="g9701">
              <path
                 d="m 2.328125,-4.4375 c 0,-0.1875 0,-0.1875 -0.203125,-0.1875 -0.453125,0.4375 -1.078125,0.4375 -1.359375,0.4375 v 0.25 c 0.15625,0 0.625,0 1,-0.1875 v 3.546875 c 0,0.234375 0,0.328125 -0.6875,0.328125 H 0.8125 V 0 c 0.125,0 0.984375,-0.03125 1.234375,-0.03125 0.21875,0 1.09375,0.03125 1.25,0.03125 V -0.25 H 3.03125 c -0.703125,0 -0.703125,-0.09375 -0.703125,-0.328125 z m 0,0"
                 id="path5951" />
            </g>
          </g>
        </defs>
        <g
           fill="#000000"
           fill-opacity="1"
           id="g7823"
           transform="translate(-149.243,-124.99)">
          <g
             transform="translate(148.712,134.765)"
             id="g9104">
            <path
               d="m 3.65625,-3.984375 h 0.859375 c 0.203125,0 0.296875,0 0.296875,-0.203125 0,-0.109375 -0.09375,-0.109375 -0.265625,-0.109375 H 3.71875 L 3.921875,-5.4375 c 0.046875,-0.203125 0.1875,-0.90625 0.25,-1.03125 0.078125,-0.1875 0.25,-0.34375 0.46875,-0.34375 0.03125,0 0.296875,0 0.484375,0.1875 -0.4375,0.03125 -0.546875,0.390625 -0.546875,0.53125 0,0.234375 0.1875,0.359375 0.375,0.359375 C 5.21875,-5.734375 5.5,-5.96875 5.5,-6.34375 c 0,-0.453125 -0.453125,-0.6875 -0.859375,-0.6875 -0.34375,0 -0.96875,0.1875 -1.265625,1.171875 -0.0625,0.203125 -0.09375,0.3125 -0.328125,1.5625 h -0.6875 c -0.203125,0 -0.3125,0 -0.3125,0.1875 0,0.125 0.09375,0.125 0.28125,0.125 h 0.65625 L 2.25,-0.046875 c -0.1875,0.96875 -0.359375,1.875 -0.875,1.875 -0.046875,0 -0.28125,0 -0.484375,-0.1875 C 1.359375,1.609375 1.453125,1.25 1.453125,1.109375 1.453125,0.875 1.265625,0.75 1.078125,0.75 0.8125,0.75 0.53125,0.984375 0.53125,1.359375 c 0,0.4375 0.4375,0.6875 0.84375,0.6875 0.546875,0 0.953125,-0.59375 1.125,-0.96875 0.328125,-0.625 0.546875,-1.828125 0.5625,-1.90625 z m 0,0"
               id="path65" />
          </g>
        </g>
        <g
           fill="#000000"
           fill-opacity="1"
           id="g6145"
           transform="translate(-149.243,-124.99)">
          <g
             transform="translate(154.666,134.765)"
             id="g4142">
            <path
               d="m 3.296875,2.390625 c 0,-0.03125 0,-0.046875 -0.171875,-0.21875 C 1.890625,0.921875 1.5625,-0.96875 1.5625,-2.5 c 0,-1.734375 0.375,-3.46875 1.609375,-4.703125 0.125,-0.125 0.125,-0.140625 0.125,-0.171875 0,-0.078125 -0.03125,-0.109375 -0.09375,-0.109375 -0.109375,0 -1,0.6875 -1.59375,1.953125 -0.5,1.09375 -0.625,2.203125 -0.625,3.03125 0,0.78125 0.109375,1.984375 0.65625,3.125 C 2.25,1.84375 3.09375,2.5 3.203125,2.5 c 0.0625,0 0.09375,-0.03125 0.09375,-0.109375 z m 0,0"
               id="path2948" />
          </g>
        </g>
        <g
           fill="#000000"
           fill-opacity="1"
           id="g6888"
           transform="translate(-149.243,-124.99)">
          <g
             transform="translate(158.54,134.765)"
             id="g8937">
            <path
               d="m 2.375,-6.8125 c 0,0 0,-0.109375 -0.125,-0.109375 -0.21875,0 -0.953125,0.078125 -1.21875,0.109375 -0.078125,0 -0.1875,0.015625 -0.1875,0.1875 0,0.125 0.09375,0.125 0.25,0.125 0.46875,0 0.484375,0.0625 0.484375,0.171875 0,0.0625 -0.078125,0.40625 -0.125,0.609375 l -0.828125,3.25 c -0.109375,0.5 -0.15625,0.671875 -0.15625,1.015625 0,0.9375 0.53125,1.5625 1.265625,1.5625 1.171875,0 2.40625,-1.484375 2.40625,-2.921875 0,-0.90625 -0.53125,-1.59375 -1.328125,-1.59375 -0.453125,0 -0.875,0.296875 -1.171875,0.59375 z M 1.453125,-3.046875 C 1.5,-3.265625 1.5,-3.28125 1.59375,-3.390625 2.078125,-4.03125 2.53125,-4.1875 2.796875,-4.1875 c 0.359375,0 0.625,0.296875 0.625,0.9375 0,0.59375 -0.328125,1.734375 -0.515625,2.109375 -0.328125,0.671875 -0.78125,1.03125 -1.171875,1.03125 -0.34375,0 -0.671875,-0.265625 -0.671875,-1 0,-0.203125 0,-0.390625 0.15625,-1.015625 z m 0,0"
               id="path8309" />
          </g>
        </g>
        <g
           fill="#000000"
           fill-opacity="1"
           id="g2423"
           transform="translate(-149.243,-124.99)">
          <g
             transform="translate(165.028,134.765)"
             id="g2401">
            <path
               d="m 4.078125,-2.296875 h 2.78125 C 7,-2.296875 7.1875,-2.296875 7.1875,-2.5 7.1875,-2.6875 7,-2.6875 6.859375,-2.6875 h -2.78125 v -2.796875 c 0,-0.140625 0,-0.328125 -0.203125,-0.328125 -0.203125,0 -0.203125,0.1875 -0.203125,0.328125 V -2.6875 h -2.78125 c -0.140625,0 -0.328125,0 -0.328125,0.1875 0,0.203125 0.1875,0.203125 0.328125,0.203125 h 2.78125 V 0.5 c 0,0.140625 0,0.328125 0.203125,0.328125 0.203125,0 0.203125,-0.1875 0.203125,-0.328125 z m 0,0"
               id="path5310" />
          </g>
        </g>
        <g
           fill="#000000"
           fill-opacity="1"
           id="g9181"
           transform="translate(-149.243,-124.99)">
          <g
             transform="translate(174.989,127.293)"
             id="g2272">
            <path
               d="m 4.203125,5.328125 -3.546875,4.375 C 0.578125,9.796875 0.5625,9.8125 0.5625,9.859375 c 0,0.109375 0.09375,0.109375 0.28125,0.109375 h 8.25 L 9.953125,7.484375 h -0.25 C 9.453125,8.234375 8.796875,8.84375 7.9375,9.125 7.78125,9.1875 7.09375,9.421875 5.625,9.421875 H 1.390625 l 3.46875,-4.28125 C 4.921875,5.046875 4.9375,5.03125 4.9375,4.984375 4.9375,4.9375 4.9375,4.9375 4.875,4.84375 L 1.640625,0.40625 h 3.9375 c 1.140625,0 3.4375,0.0625 4.125,1.921875 h 0.25 L 9.09375,0 h -8.25 C 0.5625,0 0.5625,0.015625 0.5625,0.3125 Z m 0,0"
               id="path3705" />
          </g>
        </g>
        <g
           fill="#000000"
           fill-opacity="1"
           id="g2217"
           transform="translate(-149.243,-124.99)">
          <g
             transform="translate(185.505,129.756)"
             id="g9864">
            <path
               d="M 5.8125,-4 C 5.875,-4.265625 6,-4.5 6.546875,-4.515625 c 0.03125,0 0.140625,0 0.140625,-0.140625 0,-0.046875 -0.03125,-0.109375 -0.109375,-0.109375 -0.21875,0 -0.484375,0.03125 -0.71875,0.03125 -0.171875,0 -0.5625,-0.03125 -0.734375,-0.03125 -0.03125,0 -0.140625,0 -0.140625,0.15625 0,0.09375 0.09375,0.09375 0.15625,0.09375 0.328125,0.015625 0.4375,0.125 0.4375,0.296875 0,0.046875 0,0.09375 -0.03125,0.15625 l -0.75,3.046875 -1.765625,-3.625 c -0.0625,-0.125 -0.078125,-0.125 -0.25,-0.125 H 1.828125 c -0.125,0 -0.21875,0 -0.21875,0.15625 0,0.09375 0.078125,0.09375 0.234375,0.09375 0.140625,0 0.296875,0.015625 0.4375,0.046875 L 1.359375,-0.75 c -0.0625,0.265625 -0.1875,0.484375 -0.734375,0.5 -0.046875,0 -0.140625,0 -0.140625,0.140625 C 0.484375,-0.03125 0.53125,0 0.578125,0 0.8125,0 1.078125,-0.03125 1.3125,-0.03125 1.484375,-0.03125 1.875,0 2.046875,0 2.125,0 2.1875,-0.03125 2.1875,-0.140625 2.1875,-0.25 2.109375,-0.25 2.03125,-0.25 c -0.4375,-0.015625 -0.4375,-0.203125 -0.4375,-0.296875 0,-0.03125 0,-0.0625 0.015625,-0.171875 l 0.90625,-3.5625 2.03125,4.15625 C 4.59375,0 4.625,0 4.703125,0 4.8125,0 4.8125,-0.015625 4.84375,-0.140625 Z m 0,0"
               id="path5552" />
          </g>
        </g>
        <g
           fill="#000000"
           fill-opacity="1"
           id="g4217"
           transform="translate(-149.243,-124.99)">
          <g
             transform="translate(185.505,137.754)"
             id="g654">
            <path
               d="m 2.265625,-4.359375 c 0,-0.109375 -0.09375,-0.265625 -0.28125,-0.265625 -0.1875,0 -0.390625,0.1875 -0.390625,0.390625 0,0.109375 0.078125,0.265625 0.28125,0.265625 0.1875,0 0.390625,-0.203125 0.390625,-0.390625 z M 0.84375,-0.8125 c -0.03125,0.09375 -0.0625,0.171875 -0.0625,0.296875 0,0.328125 0.265625,0.578125 0.65625,0.578125 0.6875,0 1,-0.953125 1,-1.0625 0,-0.09375 -0.09375,-0.09375 -0.109375,-0.09375 -0.09375,0 -0.109375,0.046875 -0.140625,0.125 -0.15625,0.5625 -0.453125,0.84375 -0.734375,0.84375 -0.140625,0 -0.171875,-0.09375 -0.171875,-0.25 0,-0.15625 0.046875,-0.28125 0.109375,-0.4375 C 1.46875,-1 1.546875,-1.1875 1.609375,-1.375 1.671875,-1.546875 1.9375,-2.171875 1.953125,-2.265625 1.984375,-2.328125 2,-2.40625 2,-2.484375 2,-2.8125 1.71875,-3.078125 1.34375,-3.078125 0.640625,-3.078125 0.328125,-2.125 0.328125,-2 c 0,0.078125 0.09375,0.078125 0.125,0.078125 0.09375,0 0.09375,-0.03125 0.125,-0.109375 C 0.75,-2.625 1.0625,-2.875 1.3125,-2.875 c 0.109375,0 0.171875,0.046875 0.171875,0.234375 0,0.171875 -0.03125,0.265625 -0.203125,0.703125 z m 0,0"
               id="path9466" />
          </g>
        </g>
        <g
           fill="#000000"
           fill-opacity="1"
           id="g9048"
           transform="translate(-149.243,-124.99)">
          <g
             transform="translate(188.324,137.754)"
             id="g7574">
            <path
               d="m 5.359375,-2.34375 c 0.09375,0 0.25,0 0.25,-0.171875 0,-0.171875 -0.15625,-0.171875 -0.25,-0.171875 H 0.75 c -0.09375,0 -0.265625,0 -0.265625,0.171875 0,0.171875 0.15625,0.171875 0.265625,0.171875 z m 0,1.53125 c 0.09375,0 0.25,0 0.25,-0.15625 0,-0.1875 -0.15625,-0.1875 -0.25,-0.1875 H 0.75 c -0.109375,0 -0.265625,0 -0.265625,0.1875 0,0.15625 0.171875,0.15625 0.265625,0.15625 z m 0,0"
               id="path3415" />
          </g>
          <g
             transform="translate(194.44,137.754)"
             id="g1916">
            <path
               d="m 2.328125,-4.4375 c 0,-0.1875 0,-0.1875 -0.203125,-0.1875 -0.453125,0.4375 -1.078125,0.4375 -1.359375,0.4375 v 0.25 c 0.15625,0 0.625,0 1,-0.1875 v 3.546875 c 0,0.234375 0,0.328125 -0.6875,0.328125 H 0.8125 V 0 c 0.125,0 0.984375,-0.03125 1.234375,-0.03125 0.21875,0 1.09375,0.03125 1.25,0.03125 V -0.25 H 3.03125 c -0.703125,0 -0.703125,-0.09375 -0.703125,-0.328125 z m 0,0"
               id="path5492" />
          </g>
        </g>
        <g
           fill="#000000"
           fill-opacity="1"
           id="g6557"
           transform="translate(-149.243,-124.99)">
          <g
             transform="translate(200.569,134.765)"
             id="g7333">
            <path
               d="M 4.609375,-3.375 C 4.65625,-3.59375 4.75,-3.96875 4.75,-4.03125 c 0,-0.171875 -0.140625,-0.265625 -0.28125,-0.265625 -0.125,0 -0.296875,0.078125 -0.375,0.28125 -0.03125,0.0625 -0.5,1.96875 -0.5625,2.234375 C 3.453125,-1.484375 3.4375,-1.3125 3.4375,-1.125 c 0,0.109375 0,0.125 0.015625,0.171875 -0.234375,0.53125 -0.53125,0.84375 -0.921875,0.84375 -0.796875,0 -0.796875,-0.734375 -0.796875,-0.90625 0,-0.3125 0.046875,-0.703125 0.515625,-1.9375 0.109375,-0.296875 0.171875,-0.4375 0.171875,-0.640625 0,-0.4375 -0.328125,-0.8125 -0.8125,-0.8125 -0.953125,0 -1.3125,1.453125 -1.3125,1.53125 0,0.109375 0.09375,0.109375 0.109375,0.109375 0.109375,0 0.109375,-0.03125 0.15625,-0.1875 C 0.84375,-3.875 1.21875,-4.1875 1.578125,-4.1875 c 0.09375,0 0.25,0.015625 0.25,0.328125 0,0.25 -0.109375,0.53125 -0.1875,0.703125 -0.4375,1.171875 -0.546875,1.625 -0.546875,2.015625 0,0.90625 0.65625,1.25 1.40625,1.25 0.171875,0 0.640625,0 1.03125,-0.703125 0.265625,0.640625 0.953125,0.703125 1.25,0.703125 0.75,0 1.1875,-0.625 1.453125,-1.21875 0.328125,-0.78125 0.65625,-2.125 0.65625,-2.59375 0,-0.546875 -0.265625,-0.703125 -0.4375,-0.703125 -0.25,0 -0.5,0.265625 -0.5,0.484375 0,0.125 0.0625,0.1875 0.140625,0.265625 0.109375,0.109375 0.359375,0.359375 0.359375,0.84375 0,0.34375 -0.28125,1.3125 -0.546875,1.828125 -0.25,0.53125 -0.609375,0.875 -1.09375,0.875 -0.46875,0 -0.734375,-0.296875 -0.734375,-0.875 0,-0.265625 0.0625,-0.578125 0.109375,-0.71875 z m 0,0"
               id="path6872" />
          </g>
        </g>
        <g
           fill="#000000"
           fill-opacity="1"
           id="g6283"
           transform="translate(-149.243,-124.99)">
          <g
             transform="translate(207.702,136.259)"
             id="g100">
            <path
               d="m 2.265625,-4.359375 c 0,-0.109375 -0.09375,-0.265625 -0.28125,-0.265625 -0.1875,0 -0.390625,0.1875 -0.390625,0.390625 0,0.109375 0.078125,0.265625 0.28125,0.265625 0.1875,0 0.390625,-0.203125 0.390625,-0.390625 z M 0.84375,-0.8125 c -0.03125,0.09375 -0.0625,0.171875 -0.0625,0.296875 0,0.328125 0.265625,0.578125 0.65625,0.578125 0.6875,0 1,-0.953125 1,-1.0625 0,-0.09375 -0.09375,-0.09375 -0.109375,-0.09375 -0.09375,0 -0.109375,0.046875 -0.140625,0.125 -0.15625,0.5625 -0.453125,0.84375 -0.734375,0.84375 -0.140625,0 -0.171875,-0.09375 -0.171875,-0.25 0,-0.15625 0.046875,-0.28125 0.109375,-0.4375 C 1.46875,-1 1.546875,-1.1875 1.609375,-1.375 1.671875,-1.546875 1.9375,-2.171875 1.953125,-2.265625 1.984375,-2.328125 2,-2.40625 2,-2.484375 2,-2.8125 1.71875,-3.078125 1.34375,-3.078125 0.640625,-3.078125 0.328125,-2.125 0.328125,-2 c 0,0.078125 0.09375,0.078125 0.125,0.078125 0.09375,0 0.09375,-0.03125 0.125,-0.109375 C 0.75,-2.625 1.0625,-2.875 1.3125,-2.875 c 0.109375,0 0.171875,0.046875 0.171875,0.234375 0,0.171875 -0.03125,0.265625 -0.203125,0.703125 z m 0,0"
               id="path7723" />
          </g>
        </g>
        <g
           fill="#000000"
           fill-opacity="1"
           id="g6344"
           transform="translate(-149.243,-124.99)">
          <g
             transform="translate(211.019,134.765)"
             id="g7694">
            <path
               d="M 3.328125,-3.015625 C 3.390625,-3.265625 3.625,-4.1875 4.3125,-4.1875 c 0.046875,0 0.296875,0 0.5,0.125 C 4.53125,-4 4.34375,-3.765625 4.34375,-3.515625 c 0,0.15625 0.109375,0.34375 0.375,0.34375 0.21875,0 0.53125,-0.171875 0.53125,-0.578125 0,-0.515625 -0.578125,-0.65625 -0.921875,-0.65625 -0.578125,0 -0.921875,0.53125 -1.046875,0.75 -0.25,-0.65625 -0.78125,-0.75 -1.078125,-0.75 -1.03125,0 -1.609375,1.28125 -1.609375,1.53125 0,0.109375 0.109375,0.109375 0.125,0.109375 0.078125,0 0.109375,-0.03125 0.125,-0.109375 0.34375,-1.0625 1,-1.3125 1.34375,-1.3125 0.1875,0 0.53125,0.09375 0.53125,0.671875 0,0.3125 -0.171875,0.96875 -0.53125,2.375 -0.15625,0.609375 -0.515625,1.03125 -0.953125,1.03125 -0.0625,0 -0.28125,0 -0.5,-0.125 0.25,-0.0625 0.46875,-0.265625 0.46875,-0.546875 0,-0.265625 -0.21875,-0.34375 -0.359375,-0.34375 -0.3125,0 -0.546875,0.25 -0.546875,0.578125 0,0.453125 0.484375,0.65625 0.921875,0.65625 0.671875,0 1.03125,-0.703125 1.046875,-0.75 0.125,0.359375 0.484375,0.75 1.078125,0.75 1.03125,0 1.59375,-1.28125 1.59375,-1.53125 0,-0.109375 -0.078125,-0.109375 -0.109375,-0.109375 -0.09375,0 -0.109375,0.046875 -0.140625,0.109375 -0.328125,1.078125 -1,1.3125 -1.3125,1.3125 -0.390625,0 -0.546875,-0.3125 -0.546875,-0.65625 0,-0.21875 0.046875,-0.4375 0.15625,-0.875 z m 0,0"
               id="path1507" />
          </g>
        </g>
        <g
           fill="#000000"
           fill-opacity="1"
           id="g9531"
           transform="translate(-149.243,-124.99)">
          <g
             transform="translate(216.713,136.259)"
             id="g7399">
            <path
               d="m 2.265625,-4.359375 c 0,-0.109375 -0.09375,-0.265625 -0.28125,-0.265625 -0.1875,0 -0.390625,0.1875 -0.390625,0.390625 0,0.109375 0.078125,0.265625 0.28125,0.265625 0.1875,0 0.390625,-0.203125 0.390625,-0.390625 z M 0.84375,-0.8125 c -0.03125,0.09375 -0.0625,0.171875 -0.0625,0.296875 0,0.328125 0.265625,0.578125 0.65625,0.578125 0.6875,0 1,-0.953125 1,-1.0625 0,-0.09375 -0.09375,-0.09375 -0.109375,-0.09375 -0.09375,0 -0.109375,0.046875 -0.140625,0.125 -0.15625,0.5625 -0.453125,0.84375 -0.734375,0.84375 -0.140625,0 -0.171875,-0.09375 -0.171875,-0.25 0,-0.15625 0.046875,-0.28125 0.109375,-0.4375 C 1.46875,-1 1.546875,-1.1875 1.609375,-1.375 1.671875,-1.546875 1.9375,-2.171875 1.953125,-2.265625 1.984375,-2.328125 2,-2.40625 2,-2.484375 2,-2.8125 1.71875,-3.078125 1.34375,-3.078125 0.640625,-3.078125 0.328125,-2.125 0.328125,-2 c 0,0.078125 0.09375,0.078125 0.125,0.078125 0.09375,0 0.09375,-0.03125 0.125,-0.109375 C 0.75,-2.625 1.0625,-2.875 1.3125,-2.875 c 0.109375,0 0.171875,0.046875 0.171875,0.234375 0,0.171875 -0.03125,0.265625 -0.203125,0.703125 z m 0,0"
               id="path8608" />
          </g>
        </g>
        <g
           fill="#000000"
           fill-opacity="1"
           id="g352"
           transform="translate(-149.243,-124.99)">
          <g
             transform="translate(220.029,134.765)"
             id="g7705">
            <path
               d="m 2.875,-2.5 c 0,-0.765625 -0.109375,-1.96875 -0.65625,-3.109375 -0.59375,-1.21875 -1.453125,-1.875 -1.546875,-1.875 -0.0625,0 -0.109375,0.046875 -0.109375,0.109375 0,0.03125 0,0.046875 0.1875,0.234375 0.984375,0.984375 1.546875,2.5625 1.546875,4.640625 0,1.71875 -0.359375,3.46875 -1.59375,4.71875 C 0.5625,2.34375 0.5625,2.359375 0.5625,2.390625 0.5625,2.453125 0.609375,2.5 0.671875,2.5 0.765625,2.5 1.671875,1.8125 2.25,0.546875 2.765625,-0.546875 2.875,-1.65625 2.875,-2.5 Z m 0,0"
               id="path3479" />
          </g>
        </g>
      </g>
      <ellipse
         style="opacity:0.780069;fill:none;stroke:#1a1a1a;stroke-width:1.82603"
         id="path1"
         cx="351.6459"
         cy="156.35117"
         rx="81.026016"
         ry="78.429779" />
      <path
         style="opacity:0.780069;fill:none;stroke:#1a1a1a;stroke-width:1.75748;marker-end:url(#ArrowWide)"
         d="m 433.28313,161.54364 h 90.00289"
         id="path2" />
      <path
         style="opacity:0.780069;fill:none;stroke:#1a1a1a;stroke-width:1.75748;marker-end:url(#ArrowWide)"
         d="m 173.65942,128.65797 95.61695,2.25233"
         id="path4"
         sodipodi:nodetypes="cc" />
      <path
         style="opacity:0.780069;fill:none;stroke:#1a1a1a;stroke-width:1.75748;marker-end:url(#ArrowWide)"
         d="M 175.70644,67.041566 286.36288,99.871803"
         id="path6"
         sodipodi:nodetypes="cc" />
      <path
         style="opacity:0.780069;fill:none;stroke:#1a1a1a;stroke-width:1.75748;marker-end:url(#ArrowWide)"
         d="m 174.44168,174.07004 94.20231,-0.57694"
         id="path7"
         sodipodi:nodetypes="cc" />
      <g
         id="g3079"
         transform="matrix(2.66666,0,0,2.66666,158.98364,192.81273)"
         ns16:version="1.12.0"
         ns16:texconverter="pdflatex"
         ns16:pdfconverter="inkscape"
         ns16:text="$\\vdots$"
         ns16:preamble="/Users/mf572/Library/Application Support/org.inkscape.Inkscape/config/inkscape/extensions/textext/default_packages.tex"
         ns16:scale="2.0"
         ns16:alignment="middle center"
         ns16:jacobian_sqrt="2.66666">
        <defs
           id="defs8765">
          <g
             id="g8394">
            <g
               id="g9047">
              <path
                 d="m 1.90625,-0.53125 c 0,-0.28125 -0.234375,-0.53125 -0.515625,-0.53125 -0.296875,0 -0.53125,0.25 -0.53125,0.53125 C 0.859375,-0.234375 1.09375,0 1.390625,0 1.671875,0 1.90625,-0.234375 1.90625,-0.53125 Z m 0,0"
                 id="path6533" />
            </g>
          </g>
        </defs>
        <g
           fill="#000000"
           fill-opacity="1"
           id="g7747"
           transform="translate(-149.571,-130.768)">
          <g
             transform="translate(148.712,131.831)"
             id="g1173">
            <path
               d="m 1.90625,-0.53125 c 0,-0.28125 -0.234375,-0.53125 -0.515625,-0.53125 -0.296875,0 -0.53125,0.25 -0.53125,0.53125 C 0.859375,-0.234375 1.09375,0 1.390625,0 1.671875,0 1.90625,-0.234375 1.90625,-0.53125 Z m 0,0"
               id="path4427" />
          </g>
        </g>
        <g
           fill="#000000"
           fill-opacity="1"
           id="g9253"
           transform="translate(-149.571,-130.768)">
          <g
             transform="translate(148.712,135.816)"
             id="g1871">
            <path
               d="m 1.90625,-0.53125 c 0,-0.28125 -0.234375,-0.53125 -0.515625,-0.53125 -0.296875,0 -0.53125,0.25 -0.53125,0.53125 C 0.859375,-0.234375 1.09375,0 1.390625,0 1.671875,0 1.90625,-0.234375 1.90625,-0.53125 Z m 0,0"
               id="path6890" />
          </g>
        </g>
        <g
           fill="#000000"
           fill-opacity="1"
           id="g6690"
           transform="translate(-149.571,-130.768)">
          <g
             transform="translate(148.712,139.801)"
             id="g213">
            <path
               d="m 1.90625,-0.53125 c 0,-0.28125 -0.234375,-0.53125 -0.515625,-0.53125 -0.296875,0 -0.53125,0.25 -0.53125,0.53125 C 0.859375,-0.234375 1.09375,0 1.390625,0 1.671875,0 1.90625,-0.234375 1.90625,-0.53125 Z m 0,0"
               id="path2724" />
          </g>
        </g>
      </g>
      <path
         style="opacity:0.780069;fill:none;stroke:#1a1a1a;stroke-width:1.75748;marker-end:url(#ArrowWide)"
         d="M 184.87112,242.21703 283.26738,212.6876"
         id="path8"
         sodipodi:nodetypes="cc" />
      <g
         id="g4286"
         transform="matrix(2.66666,0,0,2.66666,149.44032,59.092034)"
         ns16:version="1.12.0"
         ns16:texconverter="pdflatex"
         ns16:pdfconverter="inkscape"
         ns16:text="$x_1$"
         ns16:preamble="/Users/mf572/Library/Application Support/org.inkscape.Inkscape/config/inkscape/extensions/textext/default_packages.tex"
         ns16:scale="2.0"
         ns16:alignment="middle center"
         ns16:jacobian_sqrt="2.66666">
        <defs
           id="defs9884">
          <g
             id="g4014">
            <g
               id="g8942">
              <path
                 d="M 3.328125,-3.015625 C 3.390625,-3.265625 3.625,-4.1875 4.3125,-4.1875 c 0.046875,0 0.296875,0 0.5,0.125 C 4.53125,-4 4.34375,-3.765625 4.34375,-3.515625 c 0,0.15625 0.109375,0.34375 0.375,0.34375 0.21875,0 0.53125,-0.171875 0.53125,-0.578125 0,-0.515625 -0.578125,-0.65625 -0.921875,-0.65625 -0.578125,0 -0.921875,0.53125 -1.046875,0.75 -0.25,-0.65625 -0.78125,-0.75 -1.078125,-0.75 -1.03125,0 -1.609375,1.28125 -1.609375,1.53125 0,0.109375 0.109375,0.109375 0.125,0.109375 0.078125,0 0.109375,-0.03125 0.125,-0.109375 0.34375,-1.0625 1,-1.3125 1.34375,-1.3125 0.1875,0 0.53125,0.09375 0.53125,0.671875 0,0.3125 -0.171875,0.96875 -0.53125,2.375 -0.15625,0.609375 -0.515625,1.03125 -0.953125,1.03125 -0.0625,0 -0.28125,0 -0.5,-0.125 0.25,-0.0625 0.46875,-0.265625 0.46875,-0.546875 0,-0.265625 -0.21875,-0.34375 -0.359375,-0.34375 -0.3125,0 -0.546875,0.25 -0.546875,0.578125 0,0.453125 0.484375,0.65625 0.921875,0.65625 0.671875,0 1.03125,-0.703125 1.046875,-0.75 0.125,0.359375 0.484375,0.75 1.078125,0.75 1.03125,0 1.59375,-1.28125 1.59375,-1.53125 0,-0.109375 -0.078125,-0.109375 -0.109375,-0.109375 -0.09375,0 -0.109375,0.046875 -0.140625,0.109375 -0.328125,1.078125 -1,1.3125 -1.3125,1.3125 -0.390625,0 -0.546875,-0.3125 -0.546875,-0.65625 0,-0.21875 0.046875,-0.4375 0.15625,-0.875 z m 0,0"
                 id="path7883" />
            </g>
            <g
               id="g1349">
              <path
                 d="m 2.328125,-4.4375 c 0,-0.1875 0,-0.1875 -0.203125,-0.1875 -0.453125,0.4375 -1.078125,0.4375 -1.359375,0.4375 v 0.25 c 0.15625,0 0.625,0 1,-0.1875 v 3.546875 c 0,0.234375 0,0.328125 -0.6875,0.328125 H 0.8125 V 0 c 0.125,0 0.984375,-0.03125 1.234375,-0.03125 0.21875,0 1.09375,0.03125 1.25,0.03125 V -0.25 H 3.03125 c -0.703125,0 -0.703125,-0.09375 -0.703125,-0.328125 z m 0,0"
                 id="path723" />
            </g>
          </g>
        </defs>
        <g
           fill="#000000"
           fill-opacity="1"
           id="g3490"
           transform="translate(-149.009,-130.359)">
          <g
             transform="translate(148.712,134.765)"
             id="g6912">
            <path
               d="M 3.328125,-3.015625 C 3.390625,-3.265625 3.625,-4.1875 4.3125,-4.1875 c 0.046875,0 0.296875,0 0.5,0.125 C 4.53125,-4 4.34375,-3.765625 4.34375,-3.515625 c 0,0.15625 0.109375,0.34375 0.375,0.34375 0.21875,0 0.53125,-0.171875 0.53125,-0.578125 0,-0.515625 -0.578125,-0.65625 -0.921875,-0.65625 -0.578125,0 -0.921875,0.53125 -1.046875,0.75 -0.25,-0.65625 -0.78125,-0.75 -1.078125,-0.75 -1.03125,0 -1.609375,1.28125 -1.609375,1.53125 0,0.109375 0.109375,0.109375 0.125,0.109375 0.078125,0 0.109375,-0.03125 0.125,-0.109375 0.34375,-1.0625 1,-1.3125 1.34375,-1.3125 0.1875,0 0.53125,0.09375 0.53125,0.671875 0,0.3125 -0.171875,0.96875 -0.53125,2.375 -0.15625,0.609375 -0.515625,1.03125 -0.953125,1.03125 -0.0625,0 -0.28125,0 -0.5,-0.125 0.25,-0.0625 0.46875,-0.265625 0.46875,-0.546875 0,-0.265625 -0.21875,-0.34375 -0.359375,-0.34375 -0.3125,0 -0.546875,0.25 -0.546875,0.578125 0,0.453125 0.484375,0.65625 0.921875,0.65625 0.671875,0 1.03125,-0.703125 1.046875,-0.75 0.125,0.359375 0.484375,0.75 1.078125,0.75 1.03125,0 1.59375,-1.28125 1.59375,-1.53125 0,-0.109375 -0.078125,-0.109375 -0.109375,-0.109375 -0.09375,0 -0.109375,0.046875 -0.140625,0.109375 -0.328125,1.078125 -1,1.3125 -1.3125,1.3125 -0.390625,0 -0.546875,-0.3125 -0.546875,-0.65625 0,-0.21875 0.046875,-0.4375 0.15625,-0.875 z m 0,0"
               id="path4724" />
          </g>
        </g>
        <g
           fill="#000000"
           fill-opacity="1"
           id="g2429"
           transform="translate(-149.009,-130.359)">
          <g
             transform="translate(154.406,136.259)"
             id="g2774">
            <path
               d="m 2.328125,-4.4375 c 0,-0.1875 0,-0.1875 -0.203125,-0.1875 -0.453125,0.4375 -1.078125,0.4375 -1.359375,0.4375 v 0.25 c 0.15625,0 0.625,0 1,-0.1875 v 3.546875 c 0,0.234375 0,0.328125 -0.6875,0.328125 H 0.8125 V 0 c 0.125,0 0.984375,-0.03125 1.234375,-0.03125 0.21875,0 1.09375,0.03125 1.25,0.03125 V -0.25 H 3.03125 c -0.703125,0 -0.703125,-0.09375 -0.703125,-0.328125 z m 0,0"
               id="path3101" />
          </g>
        </g>
      </g>
      <g
         id="g16"
         transform="matrix(2.66666,0,0,2.66666,145.376,119.92)"
         ns16:version="1.12.0"
         ns16:texconverter="pdflatex"
         ns16:pdfconverter="inkscape"
         ns16:text="$x_2$"
         ns16:preamble="/Users/mf572/Library/Application Support/org.inkscape.Inkscape/config/inkscape/extensions/textext/default_packages.tex"
         ns16:scale="2.0"
         ns16:alignment="middle center"
         ns16:jacobian_sqrt="2.66666">
        <defs
           id="defs2368">
          <g
             id="g2806">
            <g
               id="g5505">
              <path
                 d="M 3.328125,-3.015625 C 3.390625,-3.265625 3.625,-4.1875 4.3125,-4.1875 c 0.046875,0 0.296875,0 0.5,0.125 C 4.53125,-4 4.34375,-3.765625 4.34375,-3.515625 c 0,0.15625 0.109375,0.34375 0.375,0.34375 0.21875,0 0.53125,-0.171875 0.53125,-0.578125 0,-0.515625 -0.578125,-0.65625 -0.921875,-0.65625 -0.578125,0 -0.921875,0.53125 -1.046875,0.75 -0.25,-0.65625 -0.78125,-0.75 -1.078125,-0.75 -1.03125,0 -1.609375,1.28125 -1.609375,1.53125 0,0.109375 0.109375,0.109375 0.125,0.109375 0.078125,0 0.109375,-0.03125 0.125,-0.109375 0.34375,-1.0625 1,-1.3125 1.34375,-1.3125 0.1875,0 0.53125,0.09375 0.53125,0.671875 0,0.3125 -0.171875,0.96875 -0.53125,2.375 -0.15625,0.609375 -0.515625,1.03125 -0.953125,1.03125 -0.0625,0 -0.28125,0 -0.5,-0.125 0.25,-0.0625 0.46875,-0.265625 0.46875,-0.546875 0,-0.265625 -0.21875,-0.34375 -0.359375,-0.34375 -0.3125,0 -0.546875,0.25 -0.546875,0.578125 0,0.453125 0.484375,0.65625 0.921875,0.65625 0.671875,0 1.03125,-0.703125 1.046875,-0.75 0.125,0.359375 0.484375,0.75 1.078125,0.75 1.03125,0 1.59375,-1.28125 1.59375,-1.53125 0,-0.109375 -0.078125,-0.109375 -0.109375,-0.109375 -0.09375,0 -0.109375,0.046875 -0.140625,0.109375 -0.328125,1.078125 -1,1.3125 -1.3125,1.3125 -0.390625,0 -0.546875,-0.3125 -0.546875,-0.65625 0,-0.21875 0.046875,-0.4375 0.15625,-0.875 z m 0,0"
                 id="path2648" />
            </g>
            <g
               id="g7465">
              <path
                 d="M 3.515625,-1.265625 H 3.28125 c -0.015625,0.15625 -0.09375,0.5625 -0.1875,0.625 C 3.046875,-0.59375 2.515625,-0.59375 2.40625,-0.59375 H 1.125 c 0.734375,-0.640625 0.984375,-0.84375 1.390625,-1.171875 0.515625,-0.40625 1,-0.84375 1,-1.5 0,-0.84375 -0.734375,-1.359375 -1.625,-1.359375 -0.859375,0 -1.453125,0.609375 -1.453125,1.25 0,0.34375 0.296875,0.390625 0.375,0.390625 0.15625,0 0.359375,-0.125 0.359375,-0.375 0,-0.125 -0.046875,-0.375 -0.40625,-0.375 C 0.984375,-4.21875 1.453125,-4.375 1.78125,-4.375 c 0.703125,0 1.0625,0.546875 1.0625,1.109375 0,0.609375 -0.4375,1.078125 -0.65625,1.328125 L 0.515625,-0.265625 C 0.4375,-0.203125 0.4375,-0.1875 0.4375,0 h 2.875 z m 0,0"
                 id="path614" />
            </g>
          </g>
        </defs>
        <g
           fill="#000000"
           fill-opacity="1"
           id="g8861"
           transform="translate(-149.009,-130.359)">
          <g
             transform="translate(148.712,134.765)"
             id="g9854">
            <path
               d="M 3.328125,-3.015625 C 3.390625,-3.265625 3.625,-4.1875 4.3125,-4.1875 c 0.046875,0 0.296875,0 0.5,0.125 C 4.53125,-4 4.34375,-3.765625 4.34375,-3.515625 c 0,0.15625 0.109375,0.34375 0.375,0.34375 0.21875,0 0.53125,-0.171875 0.53125,-0.578125 0,-0.515625 -0.578125,-0.65625 -0.921875,-0.65625 -0.578125,0 -0.921875,0.53125 -1.046875,0.75 -0.25,-0.65625 -0.78125,-0.75 -1.078125,-0.75 -1.03125,0 -1.609375,1.28125 -1.609375,1.53125 0,0.109375 0.109375,0.109375 0.125,0.109375 0.078125,0 0.109375,-0.03125 0.125,-0.109375 0.34375,-1.0625 1,-1.3125 1.34375,-1.3125 0.1875,0 0.53125,0.09375 0.53125,0.671875 0,0.3125 -0.171875,0.96875 -0.53125,2.375 -0.15625,0.609375 -0.515625,1.03125 -0.953125,1.03125 -0.0625,0 -0.28125,0 -0.5,-0.125 0.25,-0.0625 0.46875,-0.265625 0.46875,-0.546875 0,-0.265625 -0.21875,-0.34375 -0.359375,-0.34375 -0.3125,0 -0.546875,0.25 -0.546875,0.578125 0,0.453125 0.484375,0.65625 0.921875,0.65625 0.671875,0 1.03125,-0.703125 1.046875,-0.75 0.125,0.359375 0.484375,0.75 1.078125,0.75 1.03125,0 1.59375,-1.28125 1.59375,-1.53125 0,-0.109375 -0.078125,-0.109375 -0.109375,-0.109375 -0.09375,0 -0.109375,0.046875 -0.140625,0.109375 -0.328125,1.078125 -1,1.3125 -1.3125,1.3125 -0.390625,0 -0.546875,-0.3125 -0.546875,-0.65625 0,-0.21875 0.046875,-0.4375 0.15625,-0.875 z m 0,0"
               id="path4586" />
          </g>
        </g>
        <g
           fill="#000000"
           fill-opacity="1"
           id="g3200"
           transform="translate(-149.009,-130.359)">
          <g
             transform="translate(154.406,136.259)"
             id="g6466">
            <path
               d="M 3.515625,-1.265625 H 3.28125 c -0.015625,0.15625 -0.09375,0.5625 -0.1875,0.625 C 3.046875,-0.59375 2.515625,-0.59375 2.40625,-0.59375 H 1.125 c 0.734375,-0.640625 0.984375,-0.84375 1.390625,-1.171875 0.515625,-0.40625 1,-0.84375 1,-1.5 0,-0.84375 -0.734375,-1.359375 -1.625,-1.359375 -0.859375,0 -1.453125,0.609375 -1.453125,1.25 0,0.34375 0.296875,0.390625 0.375,0.390625 0.15625,0 0.359375,-0.125 0.359375,-0.375 0,-0.125 -0.046875,-0.375 -0.40625,-0.375 C 0.984375,-4.21875 1.453125,-4.375 1.78125,-4.375 c 0.703125,0 1.0625,0.546875 1.0625,1.109375 0,0.609375 -0.4375,1.078125 -0.65625,1.328125 L 0.515625,-0.265625 C 0.4375,-0.203125 0.4375,-0.1875 0.4375,0 h 2.875 z m 0,0"
               id="path4265" />
          </g>
        </g>
      </g>
      <g
         id="g24"
         transform="matrix(2.66666,0,0,2.66666,143.87873,164.05818)"
         ns16:version="1.12.0"
         ns16:texconverter="pdflatex"
         ns16:pdfconverter="inkscape"
         ns16:text="$x_3$"
         ns16:preamble="/Users/mf572/Library/Application Support/org.inkscape.Inkscape/config/inkscape/extensions/textext/default_packages.tex"
         ns16:scale="2.0"
         ns16:alignment="middle center"
         ns16:jacobian_sqrt="2.66666">
        <defs
           id="defs711">
          <g
             id="g6743">
            <g
               id="g8649">
              <path
                 d="M 3.328125,-3.015625 C 3.390625,-3.265625 3.625,-4.1875 4.3125,-4.1875 c 0.046875,0 0.296875,0 0.5,0.125 C 4.53125,-4 4.34375,-3.765625 4.34375,-3.515625 c 0,0.15625 0.109375,0.34375 0.375,0.34375 0.21875,0 0.53125,-0.171875 0.53125,-0.578125 0,-0.515625 -0.578125,-0.65625 -0.921875,-0.65625 -0.578125,0 -0.921875,0.53125 -1.046875,0.75 -0.25,-0.65625 -0.78125,-0.75 -1.078125,-0.75 -1.03125,0 -1.609375,1.28125 -1.609375,1.53125 0,0.109375 0.109375,0.109375 0.125,0.109375 0.078125,0 0.109375,-0.03125 0.125,-0.109375 0.34375,-1.0625 1,-1.3125 1.34375,-1.3125 0.1875,0 0.53125,0.09375 0.53125,0.671875 0,0.3125 -0.171875,0.96875 -0.53125,2.375 -0.15625,0.609375 -0.515625,1.03125 -0.953125,1.03125 -0.0625,0 -0.28125,0 -0.5,-0.125 0.25,-0.0625 0.46875,-0.265625 0.46875,-0.546875 0,-0.265625 -0.21875,-0.34375 -0.359375,-0.34375 -0.3125,0 -0.546875,0.25 -0.546875,0.578125 0,0.453125 0.484375,0.65625 0.921875,0.65625 0.671875,0 1.03125,-0.703125 1.046875,-0.75 0.125,0.359375 0.484375,0.75 1.078125,0.75 1.03125,0 1.59375,-1.28125 1.59375,-1.53125 0,-0.109375 -0.078125,-0.109375 -0.109375,-0.109375 -0.09375,0 -0.109375,0.046875 -0.140625,0.109375 -0.328125,1.078125 -1,1.3125 -1.3125,1.3125 -0.390625,0 -0.546875,-0.3125 -0.546875,-0.65625 0,-0.21875 0.046875,-0.4375 0.15625,-0.875 z m 0,0"
                 id="path7744" />
            </g>
            <g
               id="g5146">
              <path
                 d="m 1.90625,-2.328125 c 0.546875,0 0.9375,0.375 0.9375,1.125 0,0.859375 -0.515625,1.125 -0.90625,1.125 -0.28125,0 -0.90625,-0.078125 -1.1875,-0.5 0.328125,0 0.40625,-0.234375 0.40625,-0.390625 0,-0.21875 -0.171875,-0.375 -0.390625,-0.375 -0.1875,0 -0.390625,0.125 -0.390625,0.40625 0,0.65625 0.71875,1.078125 1.5625,1.078125 0.96875,0 1.640625,-0.65625 1.640625,-1.34375 0,-0.546875 -0.4375,-1.09375 -1.203125,-1.25 0.71875,-0.265625 0.984375,-0.78125 0.984375,-1.21875 0,-0.546875 -0.625,-0.953125 -1.40625,-0.953125 -0.765625,0 -1.359375,0.375 -1.359375,0.9375 0,0.234375 0.15625,0.359375 0.359375,0.359375 0.21875,0 0.359375,-0.15625 0.359375,-0.34375 0,-0.203125 -0.140625,-0.359375 -0.359375,-0.375 0.25,-0.296875 0.71875,-0.375 0.984375,-0.375 0.3125,0 0.75,0.15625 0.75,0.75 0,0.296875 -0.09375,0.625 -0.28125,0.828125 -0.21875,0.265625 -0.421875,0.28125 -0.765625,0.3125 -0.171875,0.015625 -0.1875,0.015625 -0.21875,0.015625 -0.015625,0 -0.078125,0.015625 -0.078125,0.09375 0,0.09375 0.0625,0.09375 0.1875,0.09375 z m 0,0"
                 id="path7580" />
            </g>
          </g>
        </defs>
        <g
           fill="#000000"
           fill-opacity="1"
           id="g3962"
           transform="translate(-149.009,-130.359)">
          <g
             transform="translate(148.712,134.765)"
             id="g4919">
            <path
               d="M 3.328125,-3.015625 C 3.390625,-3.265625 3.625,-4.1875 4.3125,-4.1875 c 0.046875,0 0.296875,0 0.5,0.125 C 4.53125,-4 4.34375,-3.765625 4.34375,-3.515625 c 0,0.15625 0.109375,0.34375 0.375,0.34375 0.21875,0 0.53125,-0.171875 0.53125,-0.578125 0,-0.515625 -0.578125,-0.65625 -0.921875,-0.65625 -0.578125,0 -0.921875,0.53125 -1.046875,0.75 -0.25,-0.65625 -0.78125,-0.75 -1.078125,-0.75 -1.03125,0 -1.609375,1.28125 -1.609375,1.53125 0,0.109375 0.109375,0.109375 0.125,0.109375 0.078125,0 0.109375,-0.03125 0.125,-0.109375 0.34375,-1.0625 1,-1.3125 1.34375,-1.3125 0.1875,0 0.53125,0.09375 0.53125,0.671875 0,0.3125 -0.171875,0.96875 -0.53125,2.375 -0.15625,0.609375 -0.515625,1.03125 -0.953125,1.03125 -0.0625,0 -0.28125,0 -0.5,-0.125 0.25,-0.0625 0.46875,-0.265625 0.46875,-0.546875 0,-0.265625 -0.21875,-0.34375 -0.359375,-0.34375 -0.3125,0 -0.546875,0.25 -0.546875,0.578125 0,0.453125 0.484375,0.65625 0.921875,0.65625 0.671875,0 1.03125,-0.703125 1.046875,-0.75 0.125,0.359375 0.484375,0.75 1.078125,0.75 1.03125,0 1.59375,-1.28125 1.59375,-1.53125 0,-0.109375 -0.078125,-0.109375 -0.109375,-0.109375 -0.09375,0 -0.109375,0.046875 -0.140625,0.109375 -0.328125,1.078125 -1,1.3125 -1.3125,1.3125 -0.390625,0 -0.546875,-0.3125 -0.546875,-0.65625 0,-0.21875 0.046875,-0.4375 0.15625,-0.875 z m 0,0"
               id="path4633" />
          </g>
        </g>
        <g
           fill="#000000"
           fill-opacity="1"
           id="g4897"
           transform="translate(-149.009,-130.359)">
          <g
             transform="translate(154.406,136.259)"
             id="g7236">
            <path
               d="m 1.90625,-2.328125 c 0.546875,0 0.9375,0.375 0.9375,1.125 0,0.859375 -0.515625,1.125 -0.90625,1.125 -0.28125,0 -0.90625,-0.078125 -1.1875,-0.5 0.328125,0 0.40625,-0.234375 0.40625,-0.390625 0,-0.21875 -0.171875,-0.375 -0.390625,-0.375 -0.1875,0 -0.390625,0.125 -0.390625,0.40625 0,0.65625 0.71875,1.078125 1.5625,1.078125 0.96875,0 1.640625,-0.65625 1.640625,-1.34375 0,-0.546875 -0.4375,-1.09375 -1.203125,-1.25 0.71875,-0.265625 0.984375,-0.78125 0.984375,-1.21875 0,-0.546875 -0.625,-0.953125 -1.40625,-0.953125 -0.765625,0 -1.359375,0.375 -1.359375,0.9375 0,0.234375 0.15625,0.359375 0.359375,0.359375 0.21875,0 0.359375,-0.15625 0.359375,-0.34375 0,-0.203125 -0.140625,-0.359375 -0.359375,-0.375 0.25,-0.296875 0.71875,-0.375 0.984375,-0.375 0.3125,0 0.75,0.15625 0.75,0.75 0,0.296875 -0.09375,0.625 -0.28125,0.828125 -0.21875,0.265625 -0.421875,0.28125 -0.765625,0.3125 -0.171875,0.015625 -0.1875,0.015625 -0.21875,0.015625 -0.015625,0 -0.078125,0.015625 -0.078125,0.09375 0,0.09375 0.0625,0.09375 0.1875,0.09375 z m 0,0"
               id="path8754" />
          </g>
        </g>
      </g>
      <g
         id="g32"
         transform="matrix(2.66666,0,0,2.66666,146.80527,236.3919)"
         ns16:version="1.12.0"
         ns16:texconverter="pdflatex"
         ns16:pdfconverter="inkscape"
         ns16:text="$x_N$"
         ns16:preamble="/Users/mf572/Library/Application Support/org.inkscape.Inkscape/config/inkscape/extensions/textext/default_packages.tex"
         ns16:scale="2.0"
         ns16:alignment="middle center"
         ns16:jacobian_sqrt="2.66666">
        <defs
           id="defs9038">
          <g
             id="g1149">
            <g
               id="g2776">
              <path
                 d="M 3.328125,-3.015625 C 3.390625,-3.265625 3.625,-4.1875 4.3125,-4.1875 c 0.046875,0 0.296875,0 0.5,0.125 C 4.53125,-4 4.34375,-3.765625 4.34375,-3.515625 c 0,0.15625 0.109375,0.34375 0.375,0.34375 0.21875,0 0.53125,-0.171875 0.53125,-0.578125 0,-0.515625 -0.578125,-0.65625 -0.921875,-0.65625 -0.578125,0 -0.921875,0.53125 -1.046875,0.75 -0.25,-0.65625 -0.78125,-0.75 -1.078125,-0.75 -1.03125,0 -1.609375,1.28125 -1.609375,1.53125 0,0.109375 0.109375,0.109375 0.125,0.109375 0.078125,0 0.109375,-0.03125 0.125,-0.109375 0.34375,-1.0625 1,-1.3125 1.34375,-1.3125 0.1875,0 0.53125,0.09375 0.53125,0.671875 0,0.3125 -0.171875,0.96875 -0.53125,2.375 -0.15625,0.609375 -0.515625,1.03125 -0.953125,1.03125 -0.0625,0 -0.28125,0 -0.5,-0.125 0.25,-0.0625 0.46875,-0.265625 0.46875,-0.546875 0,-0.265625 -0.21875,-0.34375 -0.359375,-0.34375 -0.3125,0 -0.546875,0.25 -0.546875,0.578125 0,0.453125 0.484375,0.65625 0.921875,0.65625 0.671875,0 1.03125,-0.703125 1.046875,-0.75 0.125,0.359375 0.484375,0.75 1.078125,0.75 1.03125,0 1.59375,-1.28125 1.59375,-1.53125 0,-0.109375 -0.078125,-0.109375 -0.109375,-0.109375 -0.09375,0 -0.109375,0.046875 -0.140625,0.109375 -0.328125,1.078125 -1,1.3125 -1.3125,1.3125 -0.390625,0 -0.546875,-0.3125 -0.546875,-0.65625 0,-0.21875 0.046875,-0.4375 0.15625,-0.875 z m 0,0"
                 id="path5312" />
            </g>
            <g
               id="g4954">
              <path
                 d="M 5.8125,-4 C 5.875,-4.265625 6,-4.5 6.546875,-4.515625 c 0.03125,0 0.140625,0 0.140625,-0.140625 0,-0.046875 -0.03125,-0.109375 -0.109375,-0.109375 -0.21875,0 -0.484375,0.03125 -0.71875,0.03125 -0.171875,0 -0.5625,-0.03125 -0.734375,-0.03125 -0.03125,0 -0.140625,0 -0.140625,0.15625 0,0.09375 0.09375,0.09375 0.15625,0.09375 0.328125,0.015625 0.4375,0.125 0.4375,0.296875 0,0.046875 0,0.09375 -0.03125,0.15625 l -0.75,3.046875 -1.765625,-3.625 c -0.0625,-0.125 -0.078125,-0.125 -0.25,-0.125 H 1.828125 c -0.125,0 -0.21875,0 -0.21875,0.15625 0,0.09375 0.078125,0.09375 0.234375,0.09375 0.140625,0 0.296875,0.015625 0.4375,0.046875 L 1.359375,-0.75 c -0.0625,0.265625 -0.1875,0.484375 -0.734375,0.5 -0.046875,0 -0.140625,0 -0.140625,0.140625 C 0.484375,-0.03125 0.53125,0 0.578125,0 0.8125,0 1.078125,-0.03125 1.3125,-0.03125 1.484375,-0.03125 1.875,0 2.046875,0 2.125,0 2.1875,-0.03125 2.1875,-0.140625 2.1875,-0.25 2.109375,-0.25 2.03125,-0.25 c -0.4375,-0.015625 -0.4375,-0.203125 -0.4375,-0.296875 0,-0.03125 0,-0.0625 0.015625,-0.171875 l 0.90625,-3.5625 2.03125,4.15625 C 4.59375,0 4.625,0 4.703125,0 4.8125,0 4.8125,-0.015625 4.84375,-0.140625 Z m 0,0"
                 id="path4960" />
            </g>
          </g>
        </defs>
        <g
           fill="#000000"
           fill-opacity="1"
           id="g2574"
           transform="translate(-149.009,-130.359)">
          <g
             transform="translate(148.712,134.765)"
             id="g2838">
            <path
               d="M 3.328125,-3.015625 C 3.390625,-3.265625 3.625,-4.1875 4.3125,-4.1875 c 0.046875,0 0.296875,0 0.5,0.125 C 4.53125,-4 4.34375,-3.765625 4.34375,-3.515625 c 0,0.15625 0.109375,0.34375 0.375,0.34375 0.21875,0 0.53125,-0.171875 0.53125,-0.578125 0,-0.515625 -0.578125,-0.65625 -0.921875,-0.65625 -0.578125,0 -0.921875,0.53125 -1.046875,0.75 -0.25,-0.65625 -0.78125,-0.75 -1.078125,-0.75 -1.03125,0 -1.609375,1.28125 -1.609375,1.53125 0,0.109375 0.109375,0.109375 0.125,0.109375 0.078125,0 0.109375,-0.03125 0.125,-0.109375 0.34375,-1.0625 1,-1.3125 1.34375,-1.3125 0.1875,0 0.53125,0.09375 0.53125,0.671875 0,0.3125 -0.171875,0.96875 -0.53125,2.375 -0.15625,0.609375 -0.515625,1.03125 -0.953125,1.03125 -0.0625,0 -0.28125,0 -0.5,-0.125 0.25,-0.0625 0.46875,-0.265625 0.46875,-0.546875 0,-0.265625 -0.21875,-0.34375 -0.359375,-0.34375 -0.3125,0 -0.546875,0.25 -0.546875,0.578125 0,0.453125 0.484375,0.65625 0.921875,0.65625 0.671875,0 1.03125,-0.703125 1.046875,-0.75 0.125,0.359375 0.484375,0.75 1.078125,0.75 1.03125,0 1.59375,-1.28125 1.59375,-1.53125 0,-0.109375 -0.078125,-0.109375 -0.109375,-0.109375 -0.09375,0 -0.109375,0.046875 -0.140625,0.109375 -0.328125,1.078125 -1,1.3125 -1.3125,1.3125 -0.390625,0 -0.546875,-0.3125 -0.546875,-0.65625 0,-0.21875 0.046875,-0.4375 0.15625,-0.875 z m 0,0"
               id="path4601" />
          </g>
        </g>
        <g
           fill="#000000"
           fill-opacity="1"
           id="g2866"
           transform="translate(-149.009,-130.359)">
          <g
             transform="translate(154.406,136.259)"
             id="g6952">
            <path
               d="M 5.8125,-4 C 5.875,-4.265625 6,-4.5 6.546875,-4.515625 c 0.03125,0 0.140625,0 0.140625,-0.140625 0,-0.046875 -0.03125,-0.109375 -0.109375,-0.109375 -0.21875,0 -0.484375,0.03125 -0.71875,0.03125 -0.171875,0 -0.5625,-0.03125 -0.734375,-0.03125 -0.03125,0 -0.140625,0 -0.140625,0.15625 0,0.09375 0.09375,0.09375 0.15625,0.09375 0.328125,0.015625 0.4375,0.125 0.4375,0.296875 0,0.046875 0,0.09375 -0.03125,0.15625 l -0.75,3.046875 -1.765625,-3.625 c -0.0625,-0.125 -0.078125,-0.125 -0.25,-0.125 H 1.828125 c -0.125,0 -0.21875,0 -0.21875,0.15625 0,0.09375 0.078125,0.09375 0.234375,0.09375 0.140625,0 0.296875,0.015625 0.4375,0.046875 L 1.359375,-0.75 c -0.0625,0.265625 -0.1875,0.484375 -0.734375,0.5 -0.046875,0 -0.140625,0 -0.140625,0.140625 C 0.484375,-0.03125 0.53125,0 0.578125,0 0.8125,0 1.078125,-0.03125 1.3125,-0.03125 1.484375,-0.03125 1.875,0 2.046875,0 2.125,0 2.1875,-0.03125 2.1875,-0.140625 2.1875,-0.25 2.109375,-0.25 2.03125,-0.25 c -0.4375,-0.015625 -0.4375,-0.203125 -0.4375,-0.296875 0,-0.03125 0,-0.0625 0.015625,-0.171875 l 0.90625,-3.5625 2.03125,4.15625 C 4.59375,0 4.625,0 4.703125,0 4.8125,0 4.8125,-0.015625 4.84375,-0.140625 Z m 0,0"
               id="path4715" />
          </g>
        </g>
      </g>
      <g
         id="g7311"
         transform="matrix(2.66666,0,0,2.66666,528.84327,154.07918)"
         ns16:version="1.12.0"
         ns16:texconverter="pdflatex"
         ns16:pdfconverter="inkscape"
         ns16:text="$y$"
         ns16:preamble="/Users/mf572/Library/Application Support/org.inkscape.Inkscape/config/inkscape/extensions/textext/default_packages.tex"
         ns16:scale="2.0"
         ns16:alignment="middle center"
         ns16:jacobian_sqrt="2.66666">
        <defs
           id="defs6934">
          <g
             id="g3603">
            <g
               id="g9238">
              <path
                 d="m 4.84375,-3.796875 c 0.046875,-0.140625 0.046875,-0.15625 0.046875,-0.234375 0,-0.171875 -0.140625,-0.265625 -0.296875,-0.265625 -0.09375,0 -0.25,0.0625 -0.34375,0.203125 -0.015625,0.0625 -0.109375,0.359375 -0.140625,0.546875 -0.078125,0.25 -0.140625,0.53125 -0.203125,0.796875 l -0.453125,1.796875 c -0.03125,0.140625 -0.46875,0.84375 -1.125,0.84375 -0.5,0 -0.609375,-0.4375 -0.609375,-0.8125 C 1.71875,-1.375 1.890625,-2 2.21875,-2.875 2.375,-3.28125 2.421875,-3.390625 2.421875,-3.59375 c 0,-0.4375 -0.3125,-0.8125 -0.8125,-0.8125 -0.953125,0 -1.3125,1.453125 -1.3125,1.53125 0,0.109375 0.09375,0.109375 0.109375,0.109375 0.109375,0 0.109375,-0.03125 0.15625,-0.1875 0.28125,-0.9375 0.671875,-1.234375 1.015625,-1.234375 0.078125,0 0.25,0 0.25,0.3125 0,0.25 -0.109375,0.515625 -0.171875,0.703125 -0.40625,1.0625 -0.578125,1.625 -0.578125,2.09375 0,0.890625 0.625,1.1875 1.21875,1.1875 0.390625,0 0.71875,-0.171875 1,-0.453125 -0.125,0.515625 -0.25,1.015625 -0.640625,1.546875 -0.265625,0.328125 -0.640625,0.625 -1.09375,0.625 -0.140625,0 -0.59375,-0.03125 -0.765625,-0.421875 0.15625,0 0.296875,0 0.421875,-0.125 C 1.328125,1.203125 1.421875,1.0625 1.421875,0.875 1.421875,0.5625 1.15625,0.53125 1.0625,0.53125 0.828125,0.53125 0.5,0.6875 0.5,1.171875 c 0,0.5 0.4375,0.875 1.0625,0.875 1.015625,0 2.046875,-0.90625 2.328125,-2.03125 z m 0,0"
                 id="path7853" />
            </g>
          </g>
        </defs>
        <g
           fill="#000000"
           fill-opacity="1"
           id="g6102"
           transform="translate(-149.009,-130.359)">
          <g
             transform="translate(148.712,134.765)"
             id="g78">
            <path
               d="m 4.84375,-3.796875 c 0.046875,-0.140625 0.046875,-0.15625 0.046875,-0.234375 0,-0.171875 -0.140625,-0.265625 -0.296875,-0.265625 -0.09375,0 -0.25,0.0625 -0.34375,0.203125 -0.015625,0.0625 -0.109375,0.359375 -0.140625,0.546875 -0.078125,0.25 -0.140625,0.53125 -0.203125,0.796875 l -0.453125,1.796875 c -0.03125,0.140625 -0.46875,0.84375 -1.125,0.84375 -0.5,0 -0.609375,-0.4375 -0.609375,-0.8125 C 1.71875,-1.375 1.890625,-2 2.21875,-2.875 2.375,-3.28125 2.421875,-3.390625 2.421875,-3.59375 c 0,-0.4375 -0.3125,-0.8125 -0.8125,-0.8125 -0.953125,0 -1.3125,1.453125 -1.3125,1.53125 0,0.109375 0.09375,0.109375 0.109375,0.109375 0.109375,0 0.109375,-0.03125 0.15625,-0.1875 0.28125,-0.9375 0.671875,-1.234375 1.015625,-1.234375 0.078125,0 0.25,0 0.25,0.3125 0,0.25 -0.109375,0.515625 -0.171875,0.703125 -0.40625,1.0625 -0.578125,1.625 -0.578125,2.09375 0,0.890625 0.625,1.1875 1.21875,1.1875 0.390625,0 0.71875,-0.171875 1,-0.453125 -0.125,0.515625 -0.25,1.015625 -0.640625,1.546875 -0.265625,0.328125 -0.640625,0.625 -1.09375,0.625 -0.140625,0 -0.59375,-0.03125 -0.765625,-0.421875 0.15625,0 0.296875,0 0.421875,-0.125 C 1.328125,1.203125 1.421875,1.0625 1.421875,0.875 1.421875,0.5625 1.15625,0.53125 1.0625,0.53125 0.828125,0.53125 0.5,0.6875 0.5,1.171875 c 0,0.5 0.4375,0.875 1.0625,0.875 1.015625,0 2.046875,-0.90625 2.328125,-2.03125 z m 0,0"
               id="path7731" />
          </g>
        </g>
      </g>
      <g
         id="g2973"
         transform="matrix(2.66666,0,0,2.66666,221.08286,60.035853)"
         ns16:version="1.12.0"
         ns16:texconverter="pdflatex"
         ns16:pdfconverter="inkscape"
         ns16:text="$w_1$"
         ns16:preamble="/Users/mf572/Library/Application Support/org.inkscape.Inkscape/config/inkscape/extensions/textext/default_packages.tex"
         ns16:scale="2.0"
         ns16:alignment="middle center"
         ns16:jacobian_sqrt="2.66666">
        <defs
           id="defs123">
          <g
             id="g9097">
            <g
               id="g2510">
              <path
                 d="M 4.609375,-3.375 C 4.65625,-3.59375 4.75,-3.96875 4.75,-4.03125 c 0,-0.171875 -0.140625,-0.265625 -0.28125,-0.265625 -0.125,0 -0.296875,0.078125 -0.375,0.28125 -0.03125,0.0625 -0.5,1.96875 -0.5625,2.234375 C 3.453125,-1.484375 3.4375,-1.3125 3.4375,-1.125 c 0,0.109375 0,0.125 0.015625,0.171875 -0.234375,0.53125 -0.53125,0.84375 -0.921875,0.84375 -0.796875,0 -0.796875,-0.734375 -0.796875,-0.90625 0,-0.3125 0.046875,-0.703125 0.515625,-1.9375 0.109375,-0.296875 0.171875,-0.4375 0.171875,-0.640625 0,-0.4375 -0.328125,-0.8125 -0.8125,-0.8125 -0.953125,0 -1.3125,1.453125 -1.3125,1.53125 0,0.109375 0.09375,0.109375 0.109375,0.109375 0.109375,0 0.109375,-0.03125 0.15625,-0.1875 C 0.84375,-3.875 1.21875,-4.1875 1.578125,-4.1875 c 0.09375,0 0.25,0.015625 0.25,0.328125 0,0.25 -0.109375,0.53125 -0.1875,0.703125 -0.4375,1.171875 -0.546875,1.625 -0.546875,2.015625 0,0.90625 0.65625,1.25 1.40625,1.25 0.171875,0 0.640625,0 1.03125,-0.703125 0.265625,0.640625 0.953125,0.703125 1.25,0.703125 0.75,0 1.1875,-0.625 1.453125,-1.21875 0.328125,-0.78125 0.65625,-2.125 0.65625,-2.59375 0,-0.546875 -0.265625,-0.703125 -0.4375,-0.703125 -0.25,0 -0.5,0.265625 -0.5,0.484375 0,0.125 0.0625,0.1875 0.140625,0.265625 0.109375,0.109375 0.359375,0.359375 0.359375,0.84375 0,0.34375 -0.28125,1.3125 -0.546875,1.828125 -0.25,0.53125 -0.609375,0.875 -1.09375,0.875 -0.46875,0 -0.734375,-0.296875 -0.734375,-0.875 0,-0.265625 0.0625,-0.578125 0.109375,-0.71875 z m 0,0"
                 id="path4481" />
            </g>
            <g
               id="g3816">
              <path
                 d="m 2.328125,-4.4375 c 0,-0.1875 0,-0.1875 -0.203125,-0.1875 -0.453125,0.4375 -1.078125,0.4375 -1.359375,0.4375 v 0.25 c 0.15625,0 0.625,0 1,-0.1875 v 3.546875 c 0,0.234375 0,0.328125 -0.6875,0.328125 H 0.8125 V 0 c 0.125,0 0.984375,-0.03125 1.234375,-0.03125 0.21875,0 1.09375,0.03125 1.25,0.03125 V -0.25 H 3.03125 c -0.703125,0 -0.703125,-0.09375 -0.703125,-0.328125 z m 0,0"
                 id="path4302" />
            </g>
          </g>
        </defs>
        <g
           fill="#000000"
           fill-opacity="1"
           id="g7598"
           transform="translate(-149.009,-130.359)">
          <g
             transform="translate(148.712,134.765)"
             id="g4677">
            <path
               d="M 4.609375,-3.375 C 4.65625,-3.59375 4.75,-3.96875 4.75,-4.03125 c 0,-0.171875 -0.140625,-0.265625 -0.28125,-0.265625 -0.125,0 -0.296875,0.078125 -0.375,0.28125 -0.03125,0.0625 -0.5,1.96875 -0.5625,2.234375 C 3.453125,-1.484375 3.4375,-1.3125 3.4375,-1.125 c 0,0.109375 0,0.125 0.015625,0.171875 -0.234375,0.53125 -0.53125,0.84375 -0.921875,0.84375 -0.796875,0 -0.796875,-0.734375 -0.796875,-0.90625 0,-0.3125 0.046875,-0.703125 0.515625,-1.9375 0.109375,-0.296875 0.171875,-0.4375 0.171875,-0.640625 0,-0.4375 -0.328125,-0.8125 -0.8125,-0.8125 -0.953125,0 -1.3125,1.453125 -1.3125,1.53125 0,0.109375 0.09375,0.109375 0.109375,0.109375 0.109375,0 0.109375,-0.03125 0.15625,-0.1875 C 0.84375,-3.875 1.21875,-4.1875 1.578125,-4.1875 c 0.09375,0 0.25,0.015625 0.25,0.328125 0,0.25 -0.109375,0.53125 -0.1875,0.703125 -0.4375,1.171875 -0.546875,1.625 -0.546875,2.015625 0,0.90625 0.65625,1.25 1.40625,1.25 0.171875,0 0.640625,0 1.03125,-0.703125 0.265625,0.640625 0.953125,0.703125 1.25,0.703125 0.75,0 1.1875,-0.625 1.453125,-1.21875 0.328125,-0.78125 0.65625,-2.125 0.65625,-2.59375 0,-0.546875 -0.265625,-0.703125 -0.4375,-0.703125 -0.25,0 -0.5,0.265625 -0.5,0.484375 0,0.125 0.0625,0.1875 0.140625,0.265625 0.109375,0.109375 0.359375,0.359375 0.359375,0.84375 0,0.34375 -0.28125,1.3125 -0.546875,1.828125 -0.25,0.53125 -0.609375,0.875 -1.09375,0.875 -0.46875,0 -0.734375,-0.296875 -0.734375,-0.875 0,-0.265625 0.0625,-0.578125 0.109375,-0.71875 z m 0,0"
               id="path7333" />
          </g>
        </g>
        <g
           fill="#000000"
           fill-opacity="1"
           id="g6443"
           transform="translate(-149.009,-130.359)">
          <g
             transform="translate(155.845,136.259)"
             id="g1958">
            <path
               d="m 2.328125,-4.4375 c 0,-0.1875 0,-0.1875 -0.203125,-0.1875 -0.453125,0.4375 -1.078125,0.4375 -1.359375,0.4375 v 0.25 c 0.15625,0 0.625,0 1,-0.1875 v 3.546875 c 0,0.234375 0,0.328125 -0.6875,0.328125 H 0.8125 V 0 c 0.125,0 0.984375,-0.03125 1.234375,-0.03125 0.21875,0 1.09375,0.03125 1.25,0.03125 V -0.25 H 3.03125 c -0.703125,0 -0.703125,-0.09375 -0.703125,-0.328125 z m 0,0"
               id="path3035" />
          </g>
        </g>
      </g>
      <g
         id="g48"
         transform="matrix(2.66666,0,0,2.66666,217.49046,110.49036)"
         ns16:version="1.12.0"
         ns16:texconverter="pdflatex"
         ns16:pdfconverter="inkscape"
         ns16:text="$w_2$"
         ns16:preamble="/Users/mf572/Library/Application Support/org.inkscape.Inkscape/config/inkscape/extensions/textext/default_packages.tex"
         ns16:scale="2.0"
         ns16:alignment="middle center"
         ns16:jacobian_sqrt="2.66666">
        <defs
           id="defs7956">
          <g
             id="g6095">
            <g
               id="g337">
              <path
                 d="M 4.609375,-3.375 C 4.65625,-3.59375 4.75,-3.96875 4.75,-4.03125 c 0,-0.171875 -0.140625,-0.265625 -0.28125,-0.265625 -0.125,0 -0.296875,0.078125 -0.375,0.28125 -0.03125,0.0625 -0.5,1.96875 -0.5625,2.234375 C 3.453125,-1.484375 3.4375,-1.3125 3.4375,-1.125 c 0,0.109375 0,0.125 0.015625,0.171875 -0.234375,0.53125 -0.53125,0.84375 -0.921875,0.84375 -0.796875,0 -0.796875,-0.734375 -0.796875,-0.90625 0,-0.3125 0.046875,-0.703125 0.515625,-1.9375 0.109375,-0.296875 0.171875,-0.4375 0.171875,-0.640625 0,-0.4375 -0.328125,-0.8125 -0.8125,-0.8125 -0.953125,0 -1.3125,1.453125 -1.3125,1.53125 0,0.109375 0.09375,0.109375 0.109375,0.109375 0.109375,0 0.109375,-0.03125 0.15625,-0.1875 C 0.84375,-3.875 1.21875,-4.1875 1.578125,-4.1875 c 0.09375,0 0.25,0.015625 0.25,0.328125 0,0.25 -0.109375,0.53125 -0.1875,0.703125 -0.4375,1.171875 -0.546875,1.625 -0.546875,2.015625 0,0.90625 0.65625,1.25 1.40625,1.25 0.171875,0 0.640625,0 1.03125,-0.703125 0.265625,0.640625 0.953125,0.703125 1.25,0.703125 0.75,0 1.1875,-0.625 1.453125,-1.21875 0.328125,-0.78125 0.65625,-2.125 0.65625,-2.59375 0,-0.546875 -0.265625,-0.703125 -0.4375,-0.703125 -0.25,0 -0.5,0.265625 -0.5,0.484375 0,0.125 0.0625,0.1875 0.140625,0.265625 0.109375,0.109375 0.359375,0.359375 0.359375,0.84375 0,0.34375 -0.28125,1.3125 -0.546875,1.828125 -0.25,0.53125 -0.609375,0.875 -1.09375,0.875 -0.46875,0 -0.734375,-0.296875 -0.734375,-0.875 0,-0.265625 0.0625,-0.578125 0.109375,-0.71875 z m 0,0"
                 id="path9915" />
            </g>
            <g
               id="g8261">
              <path
                 d="M 3.515625,-1.265625 H 3.28125 c -0.015625,0.15625 -0.09375,0.5625 -0.1875,0.625 C 3.046875,-0.59375 2.515625,-0.59375 2.40625,-0.59375 H 1.125 c 0.734375,-0.640625 0.984375,-0.84375 1.390625,-1.171875 0.515625,-0.40625 1,-0.84375 1,-1.5 0,-0.84375 -0.734375,-1.359375 -1.625,-1.359375 -0.859375,0 -1.453125,0.609375 -1.453125,1.25 0,0.34375 0.296875,0.390625 0.375,0.390625 0.15625,0 0.359375,-0.125 0.359375,-0.375 0,-0.125 -0.046875,-0.375 -0.40625,-0.375 C 0.984375,-4.21875 1.453125,-4.375 1.78125,-4.375 c 0.703125,0 1.0625,0.546875 1.0625,1.109375 0,0.609375 -0.4375,1.078125 -0.65625,1.328125 L 0.515625,-0.265625 C 0.4375,-0.203125 0.4375,-0.1875 0.4375,0 h 2.875 z m 0,0"
                 id="path7063" />
            </g>
          </g>
        </defs>
        <g
           fill="#000000"
           fill-opacity="1"
           id="g6422"
           transform="translate(-149.009,-130.359)">
          <g
             transform="translate(148.712,134.765)"
             id="g6857">
            <path
               d="M 4.609375,-3.375 C 4.65625,-3.59375 4.75,-3.96875 4.75,-4.03125 c 0,-0.171875 -0.140625,-0.265625 -0.28125,-0.265625 -0.125,0 -0.296875,0.078125 -0.375,0.28125 -0.03125,0.0625 -0.5,1.96875 -0.5625,2.234375 C 3.453125,-1.484375 3.4375,-1.3125 3.4375,-1.125 c 0,0.109375 0,0.125 0.015625,0.171875 -0.234375,0.53125 -0.53125,0.84375 -0.921875,0.84375 -0.796875,0 -0.796875,-0.734375 -0.796875,-0.90625 0,-0.3125 0.046875,-0.703125 0.515625,-1.9375 0.109375,-0.296875 0.171875,-0.4375 0.171875,-0.640625 0,-0.4375 -0.328125,-0.8125 -0.8125,-0.8125 -0.953125,0 -1.3125,1.453125 -1.3125,1.53125 0,0.109375 0.09375,0.109375 0.109375,0.109375 0.109375,0 0.109375,-0.03125 0.15625,-0.1875 C 0.84375,-3.875 1.21875,-4.1875 1.578125,-4.1875 c 0.09375,0 0.25,0.015625 0.25,0.328125 0,0.25 -0.109375,0.53125 -0.1875,0.703125 -0.4375,1.171875 -0.546875,1.625 -0.546875,2.015625 0,0.90625 0.65625,1.25 1.40625,1.25 0.171875,0 0.640625,0 1.03125,-0.703125 0.265625,0.640625 0.953125,0.703125 1.25,0.703125 0.75,0 1.1875,-0.625 1.453125,-1.21875 0.328125,-0.78125 0.65625,-2.125 0.65625,-2.59375 0,-0.546875 -0.265625,-0.703125 -0.4375,-0.703125 -0.25,0 -0.5,0.265625 -0.5,0.484375 0,0.125 0.0625,0.1875 0.140625,0.265625 0.109375,0.109375 0.359375,0.359375 0.359375,0.84375 0,0.34375 -0.28125,1.3125 -0.546875,1.828125 -0.25,0.53125 -0.609375,0.875 -1.09375,0.875 -0.46875,0 -0.734375,-0.296875 -0.734375,-0.875 0,-0.265625 0.0625,-0.578125 0.109375,-0.71875 z m 0,0"
               id="path6558" />
          </g>
        </g>
        <g
           fill="#000000"
           fill-opacity="1"
           id="g4318"
           transform="translate(-149.009,-130.359)">
          <g
             transform="translate(155.845,136.259)"
             id="g8620">
            <path
               d="M 3.515625,-1.265625 H 3.28125 c -0.015625,0.15625 -0.09375,0.5625 -0.1875,0.625 C 3.046875,-0.59375 2.515625,-0.59375 2.40625,-0.59375 H 1.125 c 0.734375,-0.640625 0.984375,-0.84375 1.390625,-1.171875 0.515625,-0.40625 1,-0.84375 1,-1.5 0,-0.84375 -0.734375,-1.359375 -1.625,-1.359375 -0.859375,0 -1.453125,0.609375 -1.453125,1.25 0,0.34375 0.296875,0.390625 0.375,0.390625 0.15625,0 0.359375,-0.125 0.359375,-0.375 0,-0.125 -0.046875,-0.375 -0.40625,-0.375 C 0.984375,-4.21875 1.453125,-4.375 1.78125,-4.375 c 0.703125,0 1.0625,0.546875 1.0625,1.109375 0,0.609375 -0.4375,1.078125 -0.65625,1.328125 L 0.515625,-0.265625 C 0.4375,-0.203125 0.4375,-0.1875 0.4375,0 h 2.875 z m 0,0"
               id="path83" />
          </g>
        </g>
      </g>
      <g
         id="g56"
         transform="matrix(2.66666,0,0,2.66666,218.35055,153.68581)"
         ns16:version="1.12.0"
         ns16:texconverter="pdflatex"
         ns16:pdfconverter="inkscape"
         ns16:text="$w_3$"
         ns16:preamble="/Users/mf572/Library/Application Support/org.inkscape.Inkscape/config/inkscape/extensions/textext/default_packages.tex"
         ns16:scale="2.0"
         ns16:alignment="middle center"
         ns16:jacobian_sqrt="2.66666">
        <defs
           id="defs5221">
          <g
             id="g2897">
            <g
               id="g6023">
              <path
                 d="M 4.609375,-3.375 C 4.65625,-3.59375 4.75,-3.96875 4.75,-4.03125 c 0,-0.171875 -0.140625,-0.265625 -0.28125,-0.265625 -0.125,0 -0.296875,0.078125 -0.375,0.28125 -0.03125,0.0625 -0.5,1.96875 -0.5625,2.234375 C 3.453125,-1.484375 3.4375,-1.3125 3.4375,-1.125 c 0,0.109375 0,0.125 0.015625,0.171875 -0.234375,0.53125 -0.53125,0.84375 -0.921875,0.84375 -0.796875,0 -0.796875,-0.734375 -0.796875,-0.90625 0,-0.3125 0.046875,-0.703125 0.515625,-1.9375 0.109375,-0.296875 0.171875,-0.4375 0.171875,-0.640625 0,-0.4375 -0.328125,-0.8125 -0.8125,-0.8125 -0.953125,0 -1.3125,1.453125 -1.3125,1.53125 0,0.109375 0.09375,0.109375 0.109375,0.109375 0.109375,0 0.109375,-0.03125 0.15625,-0.1875 C 0.84375,-3.875 1.21875,-4.1875 1.578125,-4.1875 c 0.09375,0 0.25,0.015625 0.25,0.328125 0,0.25 -0.109375,0.53125 -0.1875,0.703125 -0.4375,1.171875 -0.546875,1.625 -0.546875,2.015625 0,0.90625 0.65625,1.25 1.40625,1.25 0.171875,0 0.640625,0 1.03125,-0.703125 0.265625,0.640625 0.953125,0.703125 1.25,0.703125 0.75,0 1.1875,-0.625 1.453125,-1.21875 0.328125,-0.78125 0.65625,-2.125 0.65625,-2.59375 0,-0.546875 -0.265625,-0.703125 -0.4375,-0.703125 -0.25,0 -0.5,0.265625 -0.5,0.484375 0,0.125 0.0625,0.1875 0.140625,0.265625 0.109375,0.109375 0.359375,0.359375 0.359375,0.84375 0,0.34375 -0.28125,1.3125 -0.546875,1.828125 -0.25,0.53125 -0.609375,0.875 -1.09375,0.875 -0.46875,0 -0.734375,-0.296875 -0.734375,-0.875 0,-0.265625 0.0625,-0.578125 0.109375,-0.71875 z m 0,0"
                 id="path1795" />
            </g>
            <g
               id="g1923">
              <path
                 d="m 1.90625,-2.328125 c 0.546875,0 0.9375,0.375 0.9375,1.125 0,0.859375 -0.515625,1.125 -0.90625,1.125 -0.28125,0 -0.90625,-0.078125 -1.1875,-0.5 0.328125,0 0.40625,-0.234375 0.40625,-0.390625 0,-0.21875 -0.171875,-0.375 -0.390625,-0.375 -0.1875,0 -0.390625,0.125 -0.390625,0.40625 0,0.65625 0.71875,1.078125 1.5625,1.078125 0.96875,0 1.640625,-0.65625 1.640625,-1.34375 0,-0.546875 -0.4375,-1.09375 -1.203125,-1.25 0.71875,-0.265625 0.984375,-0.78125 0.984375,-1.21875 0,-0.546875 -0.625,-0.953125 -1.40625,-0.953125 -0.765625,0 -1.359375,0.375 -1.359375,0.9375 0,0.234375 0.15625,0.359375 0.359375,0.359375 0.21875,0 0.359375,-0.15625 0.359375,-0.34375 0,-0.203125 -0.140625,-0.359375 -0.359375,-0.375 0.25,-0.296875 0.71875,-0.375 0.984375,-0.375 0.3125,0 0.75,0.15625 0.75,0.75 0,0.296875 -0.09375,0.625 -0.28125,0.828125 -0.21875,0.265625 -0.421875,0.28125 -0.765625,0.3125 -0.171875,0.015625 -0.1875,0.015625 -0.21875,0.015625 -0.015625,0 -0.078125,0.015625 -0.078125,0.09375 0,0.09375 0.0625,0.09375 0.1875,0.09375 z m 0,0"
                 id="path8459" />
            </g>
          </g>
        </defs>
        <g
           fill="#000000"
           fill-opacity="1"
           id="g3793"
           transform="translate(-149.009,-130.359)">
          <g
             transform="translate(148.712,134.765)"
             id="g7458">
            <path
               d="M 4.609375,-3.375 C 4.65625,-3.59375 4.75,-3.96875 4.75,-4.03125 c 0,-0.171875 -0.140625,-0.265625 -0.28125,-0.265625 -0.125,0 -0.296875,0.078125 -0.375,0.28125 -0.03125,0.0625 -0.5,1.96875 -0.5625,2.234375 C 3.453125,-1.484375 3.4375,-1.3125 3.4375,-1.125 c 0,0.109375 0,0.125 0.015625,0.171875 -0.234375,0.53125 -0.53125,0.84375 -0.921875,0.84375 -0.796875,0 -0.796875,-0.734375 -0.796875,-0.90625 0,-0.3125 0.046875,-0.703125 0.515625,-1.9375 0.109375,-0.296875 0.171875,-0.4375 0.171875,-0.640625 0,-0.4375 -0.328125,-0.8125 -0.8125,-0.8125 -0.953125,0 -1.3125,1.453125 -1.3125,1.53125 0,0.109375 0.09375,0.109375 0.109375,0.109375 0.109375,0 0.109375,-0.03125 0.15625,-0.1875 C 0.84375,-3.875 1.21875,-4.1875 1.578125,-4.1875 c 0.09375,0 0.25,0.015625 0.25,0.328125 0,0.25 -0.109375,0.53125 -0.1875,0.703125 -0.4375,1.171875 -0.546875,1.625 -0.546875,2.015625 0,0.90625 0.65625,1.25 1.40625,1.25 0.171875,0 0.640625,0 1.03125,-0.703125 0.265625,0.640625 0.953125,0.703125 1.25,0.703125 0.75,0 1.1875,-0.625 1.453125,-1.21875 0.328125,-0.78125 0.65625,-2.125 0.65625,-2.59375 0,-0.546875 -0.265625,-0.703125 -0.4375,-0.703125 -0.25,0 -0.5,0.265625 -0.5,0.484375 0,0.125 0.0625,0.1875 0.140625,0.265625 0.109375,0.109375 0.359375,0.359375 0.359375,0.84375 0,0.34375 -0.28125,1.3125 -0.546875,1.828125 -0.25,0.53125 -0.609375,0.875 -1.09375,0.875 -0.46875,0 -0.734375,-0.296875 -0.734375,-0.875 0,-0.265625 0.0625,-0.578125 0.109375,-0.71875 z m 0,0"
               id="path3570" />
          </g>
        </g>
        <g
           fill="#000000"
           fill-opacity="1"
           id="g5813"
           transform="translate(-149.009,-130.359)">
          <g
             transform="translate(155.845,136.259)"
             id="g6525">
            <path
               d="m 1.90625,-2.328125 c 0.546875,0 0.9375,0.375 0.9375,1.125 0,0.859375 -0.515625,1.125 -0.90625,1.125 -0.28125,0 -0.90625,-0.078125 -1.1875,-0.5 0.328125,0 0.40625,-0.234375 0.40625,-0.390625 0,-0.21875 -0.171875,-0.375 -0.390625,-0.375 -0.1875,0 -0.390625,0.125 -0.390625,0.40625 0,0.65625 0.71875,1.078125 1.5625,1.078125 0.96875,0 1.640625,-0.65625 1.640625,-1.34375 0,-0.546875 -0.4375,-1.09375 -1.203125,-1.25 0.71875,-0.265625 0.984375,-0.78125 0.984375,-1.21875 0,-0.546875 -0.625,-0.953125 -1.40625,-0.953125 -0.765625,0 -1.359375,0.375 -1.359375,0.9375 0,0.234375 0.15625,0.359375 0.359375,0.359375 0.21875,0 0.359375,-0.15625 0.359375,-0.34375 0,-0.203125 -0.140625,-0.359375 -0.359375,-0.375 0.25,-0.296875 0.71875,-0.375 0.984375,-0.375 0.3125,0 0.75,0.15625 0.75,0.75 0,0.296875 -0.09375,0.625 -0.28125,0.828125 -0.21875,0.265625 -0.421875,0.28125 -0.765625,0.3125 -0.171875,0.015625 -0.1875,0.015625 -0.21875,0.015625 -0.015625,0 -0.078125,0.015625 -0.078125,0.09375 0,0.09375 0.0625,0.09375 0.1875,0.09375 z m 0,0"
               id="path9364" />
          </g>
        </g>
      </g>
      <g
         id="g64"
         transform="matrix(2.66666,0,0,2.66666,216.56163,202.91271)"
         ns16:version="1.12.0"
         ns16:texconverter="pdflatex"
         ns16:pdfconverter="inkscape"
         ns16:text="$w_N$"
         ns16:preamble="/Users/mf572/Library/Application Support/org.inkscape.Inkscape/config/inkscape/extensions/textext/default_packages.tex"
         ns16:scale="2.0"
         ns16:alignment="middle center"
         ns16:jacobian_sqrt="2.66666">
        <defs
           id="defs3513">
          <g
             id="g8097">
            <g
               id="g3190">
              <path
                 d="M 4.609375,-3.375 C 4.65625,-3.59375 4.75,-3.96875 4.75,-4.03125 c 0,-0.171875 -0.140625,-0.265625 -0.28125,-0.265625 -0.125,0 -0.296875,0.078125 -0.375,0.28125 -0.03125,0.0625 -0.5,1.96875 -0.5625,2.234375 C 3.453125,-1.484375 3.4375,-1.3125 3.4375,-1.125 c 0,0.109375 0,0.125 0.015625,0.171875 -0.234375,0.53125 -0.53125,0.84375 -0.921875,0.84375 -0.796875,0 -0.796875,-0.734375 -0.796875,-0.90625 0,-0.3125 0.046875,-0.703125 0.515625,-1.9375 0.109375,-0.296875 0.171875,-0.4375 0.171875,-0.640625 0,-0.4375 -0.328125,-0.8125 -0.8125,-0.8125 -0.953125,0 -1.3125,1.453125 -1.3125,1.53125 0,0.109375 0.09375,0.109375 0.109375,0.109375 0.109375,0 0.109375,-0.03125 0.15625,-0.1875 C 0.84375,-3.875 1.21875,-4.1875 1.578125,-4.1875 c 0.09375,0 0.25,0.015625 0.25,0.328125 0,0.25 -0.109375,0.53125 -0.1875,0.703125 -0.4375,1.171875 -0.546875,1.625 -0.546875,2.015625 0,0.90625 0.65625,1.25 1.40625,1.25 0.171875,0 0.640625,0 1.03125,-0.703125 0.265625,0.640625 0.953125,0.703125 1.25,0.703125 0.75,0 1.1875,-0.625 1.453125,-1.21875 0.328125,-0.78125 0.65625,-2.125 0.65625,-2.59375 0,-0.546875 -0.265625,-0.703125 -0.4375,-0.703125 -0.25,0 -0.5,0.265625 -0.5,0.484375 0,0.125 0.0625,0.1875 0.140625,0.265625 0.109375,0.109375 0.359375,0.359375 0.359375,0.84375 0,0.34375 -0.28125,1.3125 -0.546875,1.828125 -0.25,0.53125 -0.609375,0.875 -1.09375,0.875 -0.46875,0 -0.734375,-0.296875 -0.734375,-0.875 0,-0.265625 0.0625,-0.578125 0.109375,-0.71875 z m 0,0"
                 id="path8682" />
            </g>
            <g
               id="g1450">
              <path
                 d="M 5.8125,-4 C 5.875,-4.265625 6,-4.5 6.546875,-4.515625 c 0.03125,0 0.140625,0 0.140625,-0.140625 0,-0.046875 -0.03125,-0.109375 -0.109375,-0.109375 -0.21875,0 -0.484375,0.03125 -0.71875,0.03125 -0.171875,0 -0.5625,-0.03125 -0.734375,-0.03125 -0.03125,0 -0.140625,0 -0.140625,0.15625 0,0.09375 0.09375,0.09375 0.15625,0.09375 0.328125,0.015625 0.4375,0.125 0.4375,0.296875 0,0.046875 0,0.09375 -0.03125,0.15625 l -0.75,3.046875 -1.765625,-3.625 c -0.0625,-0.125 -0.078125,-0.125 -0.25,-0.125 H 1.828125 c -0.125,0 -0.21875,0 -0.21875,0.15625 0,0.09375 0.078125,0.09375 0.234375,0.09375 0.140625,0 0.296875,0.015625 0.4375,0.046875 L 1.359375,-0.75 c -0.0625,0.265625 -0.1875,0.484375 -0.734375,0.5 -0.046875,0 -0.140625,0 -0.140625,0.140625 C 0.484375,-0.03125 0.53125,0 0.578125,0 0.8125,0 1.078125,-0.03125 1.3125,-0.03125 1.484375,-0.03125 1.875,0 2.046875,0 2.125,0 2.1875,-0.03125 2.1875,-0.140625 2.1875,-0.25 2.109375,-0.25 2.03125,-0.25 c -0.4375,-0.015625 -0.4375,-0.203125 -0.4375,-0.296875 0,-0.03125 0,-0.0625 0.015625,-0.171875 l 0.90625,-3.5625 2.03125,4.15625 C 4.59375,0 4.625,0 4.703125,0 4.8125,0 4.8125,-0.015625 4.84375,-0.140625 Z m 0,0"
                 id="path8669" />
            </g>
          </g>
        </defs>
        <g
           fill="#000000"
           fill-opacity="1"
           id="g2539"
           transform="translate(-149.009,-130.359)">
          <g
             transform="translate(148.712,134.765)"
             id="g7751">
            <path
               d="M 4.609375,-3.375 C 4.65625,-3.59375 4.75,-3.96875 4.75,-4.03125 c 0,-0.171875 -0.140625,-0.265625 -0.28125,-0.265625 -0.125,0 -0.296875,0.078125 -0.375,0.28125 -0.03125,0.0625 -0.5,1.96875 -0.5625,2.234375 C 3.453125,-1.484375 3.4375,-1.3125 3.4375,-1.125 c 0,0.109375 0,0.125 0.015625,0.171875 -0.234375,0.53125 -0.53125,0.84375 -0.921875,0.84375 -0.796875,0 -0.796875,-0.734375 -0.796875,-0.90625 0,-0.3125 0.046875,-0.703125 0.515625,-1.9375 0.109375,-0.296875 0.171875,-0.4375 0.171875,-0.640625 0,-0.4375 -0.328125,-0.8125 -0.8125,-0.8125 -0.953125,0 -1.3125,1.453125 -1.3125,1.53125 0,0.109375 0.09375,0.109375 0.109375,0.109375 0.109375,0 0.109375,-0.03125 0.15625,-0.1875 C 0.84375,-3.875 1.21875,-4.1875 1.578125,-4.1875 c 0.09375,0 0.25,0.015625 0.25,0.328125 0,0.25 -0.109375,0.53125 -0.1875,0.703125 -0.4375,1.171875 -0.546875,1.625 -0.546875,2.015625 0,0.90625 0.65625,1.25 1.40625,1.25 0.171875,0 0.640625,0 1.03125,-0.703125 0.265625,0.640625 0.953125,0.703125 1.25,0.703125 0.75,0 1.1875,-0.625 1.453125,-1.21875 0.328125,-0.78125 0.65625,-2.125 0.65625,-2.59375 0,-0.546875 -0.265625,-0.703125 -0.4375,-0.703125 -0.25,0 -0.5,0.265625 -0.5,0.484375 0,0.125 0.0625,0.1875 0.140625,0.265625 0.109375,0.109375 0.359375,0.359375 0.359375,0.84375 0,0.34375 -0.28125,1.3125 -0.546875,1.828125 -0.25,0.53125 -0.609375,0.875 -1.09375,0.875 -0.46875,0 -0.734375,-0.296875 -0.734375,-0.875 0,-0.265625 0.0625,-0.578125 0.109375,-0.71875 z m 0,0"
               id="path9648" />
          </g>
        </g>
        <g
           fill="#000000"
           fill-opacity="1"
           id="g5227"
           transform="translate(-149.009,-130.359)">
          <g
             transform="translate(155.845,136.259)"
             id="g9760">
            <path
               d="M 5.8125,-4 C 5.875,-4.265625 6,-4.5 6.546875,-4.515625 c 0.03125,0 0.140625,0 0.140625,-0.140625 0,-0.046875 -0.03125,-0.109375 -0.109375,-0.109375 -0.21875,0 -0.484375,0.03125 -0.71875,0.03125 -0.171875,0 -0.5625,-0.03125 -0.734375,-0.03125 -0.03125,0 -0.140625,0 -0.140625,0.15625 0,0.09375 0.09375,0.09375 0.15625,0.09375 0.328125,0.015625 0.4375,0.125 0.4375,0.296875 0,0.046875 0,0.09375 -0.03125,0.15625 l -0.75,3.046875 -1.765625,-3.625 c -0.0625,-0.125 -0.078125,-0.125 -0.25,-0.125 H 1.828125 c -0.125,0 -0.21875,0 -0.21875,0.15625 0,0.09375 0.078125,0.09375 0.234375,0.09375 0.140625,0 0.296875,0.015625 0.4375,0.046875 L 1.359375,-0.75 c -0.0625,0.265625 -0.1875,0.484375 -0.734375,0.5 -0.046875,0 -0.140625,0 -0.140625,0.140625 C 0.484375,-0.03125 0.53125,0 0.578125,0 0.8125,0 1.078125,-0.03125 1.3125,-0.03125 1.484375,-0.03125 1.875,0 2.046875,0 2.125,0 2.1875,-0.03125 2.1875,-0.140625 2.1875,-0.25 2.109375,-0.25 2.03125,-0.25 c -0.4375,-0.015625 -0.4375,-0.203125 -0.4375,-0.296875 0,-0.03125 0,-0.0625 0.015625,-0.171875 l 0.90625,-3.5625 2.03125,4.15625 C 4.59375,0 4.625,0 4.703125,0 4.8125,0 4.8125,-0.015625 4.84375,-0.140625 Z m 0,0"
               id="path7047" />
          </g>
        </g>
      </g>
    </g>
  </g>
</svg>
